0.461698 0.424546 0.113756
0.345527 0.534421 0.120052
0.0871668 0.5795 0.333333
0.666667 1.37443e-10 0.333333
0.263686 0.736314 1.54909e-12
0.450967 0.310316 0.238717
0.0380602 0.937596 0.0243433
0.10901 0.557657 0.333333
3.73035e-14 1 9.88032e-12
0.739306 0.11836 0.142333
0.0217862 0.64488 0.333333
0.850595 6.55398e-12 0.149405
0.813591 0.0810443 0.105365
0.508321 0.158346 0.333333
0.530833 0.135834 0.333333
0.418548 0.248119 0.333333
0.62126 0.0454068 0.333333
0.262062 0.6105 0.127438
0.225267 0.691804 0.0829297
0.855835 0.121792 0.0223731
1 4.03182e-10 1.19196e-10
0.373906 0.29276 0.333333
0 0.666667 0.333333
0.0653521 0.601315 0.333333
0.5986 0.0680666 0.333333
0.163768 0.836232 1.61366e-11
0.116462 0.811828 0.0717101
0.10883 0.69193 0.199239
0.24074 0.425926 0.333333
0.100489 0.899511 1.61366e-11
0.234409 0.561199 0.204393
0.376652 0.348215 0.275133
0.625025 0.120849 0.254126
0.750186 9.09199e-11 0.249814
0.622342 0.356909 0.0207493
0.741508 0.24212 0.016372
0.884202 0.0358443 0.0799537
0.0435525 0.623114 0.333333
0.284945 0.381722 0.333333
0.15031 0.732175 0.117515
0.043056 0.852047 0.104897
3.40658e-14 0.913206 0.086794
0.576077 0.423923 2.79032e-12
0.575967 0.0906994 0.333333
0.307112 0.359555 0.333333
0.580193 0.203381 0.216425
0.152771 0.513895 0.333333
0.130878 0.535788 0.333333
0.440959 0.225708 0.333333
0.507796 0.465805 0.0263987
0.155014 0.604138 0.240847
0.656329 0.274932 0.0687392
0.174708 0.491959 0.333333
0.336648 0.422514 0.240838
0.18735 0.648801 0.163849
1.38617e-16 0.825299 0.174701
1.27983e-16 0.761988 0.238012
0.660639 0.160909 0.178452
0.32932 0.337346 0.333333
0.496466 0.348987 0.154547
0.468548 0.531452 1.19196e-10
0.4014 0.570426 0.0281744
0.0352143 0.705195 0.259591
0.643977 0.02269 0.333333
0.809539 0.190461 2.62719e-10
0.396233 0.270433 0.333333
0.578558 0.314815 0.106627
0.490421 0.24367 0.26591
0.690315 0.309685 6.56828e-11
0.417932 0.386232 0.195837
0.21869 0.447977 0.333333
0.463402 0.203265 0.333333
0.264554 0.461647 0.273799
0.538668 0.387224 0.0741078
0.55339 0.113277 0.333333
0.262848 0.403819 0.333333
0.0875325 0.637627 0.27484
0.944244 1.14439e-10 0.0557558
0.380228 0.460234 0.159539
0.196684 0.469983 0.333333
0.485878 0.180789 0.333333
0.0719831 0.772566 0.155451
0.298788 0.669196 0.0320155
0.784468 0.0315808 0.183952
0.364511 0.635489 2.79032e-12
0.774094 0.157766 0.0681396
0.705551 0.0818907 0.212558
0.196168 0.771102 0.0327295
0.618092 0.238613 0.143295
0.425246 0.496297 0.0784568
0.67442 0.0450409 0.280539
0.699351 0.199784 0.100865
0.535561 0.276913 0.187526
0.196942 0.533754 0.269304
0.302365 0.507307 0.190328
0.351589 0.315078 0.333333
0.324719 0.59456 0.0807207
0.921084 0.0789157 1.54909e-12
0 1.91429e-17 1
0.549679 0.168331 0.28199
