0.6 0.0666663 0.333333
0.0663119 0.600355 0.333333
0.333156 0.33351 0.333333
9.06056e-12 1 1.05681e-11
1 2.05802e-10 8.10861e-11
0.446395 0.324192 0.229412
8.79603e-11 0.666667 0.333333
0.852912 0.0773354 0.0697523
2.53092e-12 0.773334 0.226666
0.666667 2.98919e-10 0.333333
0.310817 0.35585 0.333333
0.511231 0.155435 0.333333
0 0 1
0.0884334 0.578233 0.333333
0.728129 0.110097 0.161775
0.221568 0.445099 0.333333
0.288463 0.378204 0.333333
0.768 0.0252811 0.206719
0.022078 0.644589 0.333333
0.367695 0.536 0.0963052
0.377797 0.28887 0.333333
0.0792697 0.736051 0.184679
0.727113 0.244088 0.0287998
0.199327 0.46734 0.333333
0.3492 0.422196 0.228603
0.11057 0.556096 0.333333
0.622214 0.0444529 0.333333
0.266142 0.400525 0.333333
0.246736 0.539518 0.213745
0.355474 0.311193 0.333333
0.495845 0.477192 0.026963
0.940141 0.0318748 0.0279846
0.802781 0.0667651 0.130453
0.320594 0.499605 0.179801
0.28469 0.45191 0.2634
0.582977 0.183812 0.233212
0.89872 0.10128 8.10861e-11
0.617812 0.361625 0.0205627
0.0305962 0.81199 0.157414
0.243842 0.422825 0.333333
0.65475 0.151203 0.194047
0.154917 0.51175 0.333333
0.574911 0.316534 0.108555
0.400068 0.266598 0.333333
0.177125 0.489542 0.333333
0.791355 0.208645 4.71205e-11
0.729513 3.52882e-10 0.270487
0.522466 0.204738 0.272795
0.496076 0.355647 0.148277
0.489046 0.17762 0.333333
0.0785367 0.846303 0.0751608
1.15588e-10 0.876063 0.123937
0.356283 0.643717 8.10861e-11
0.12691 0.87309 1.8674e-13
0.472054 0.265227 0.262719
0.132751 0.533916 0.333333
0.463096 0.536904 3.94885e-11
0.161398 0.696446 0.142156
0.375825 0.351718 0.272457
0.555603 0.111064 0.333333
0.466838 0.199828 0.333333
0.320306 0.613111 0.0665831
0.243956 0.656735 0.0993084
0.613785 0.111217 0.274998
0.831524 0.144069 0.0244065
0.68905 0.196426 0.114524
0.644441 0.0222256 0.333333
0.902642 5.90667e-12 0.0973584
0.422349 0.244317 0.333333
0.533427 0.13324 0.333333
0.611785 0.234037 0.154178
0.0882761 0.630187 0.281537
0.210354 0.508534 0.281112
0.394311 0.469999 0.135691
0.568751 0.431249 3.98361e-11
0.0441985 0.622468 0.333333
0.200072 0.730951 0.0689778
0.685516 0.314484 8.46212e-13
0.534282 0.275487 0.190231
0.535384 0.39347 0.0711457
0.403802 0.571822 0.0243759
0.28451 0.576461 0.13903
0.835878 1.6166e-13 0.164122
0.577796 0.0888706 0.333333
0.46031 0.439795 0.0998945
0.686343 0.0705649 0.243092
0.420927 0.395377 0.183696
0.287232 0.697844 0.0149247
0.165549 0.809635 0.0248164
0.0293176 0.706138 0.264545
0.234857 0.765143 4.71205e-11
0.761204 0.156895 0.0819009
0.444603 0.222063 0.333333
0.0634657 0.936534 1.02517e-11
0.118455 0.773878 0.107667
0.0125561 0.924459 0.0629846
0.648787 0.276467 0.0747461
0.204037 0.618968 0.176995
0.121609 0.663123 0.215268
0.164179 0.582928 0.252892
