0.377027 0.289639 0.333333
1.3655e-10 1 4.12048e-12
0.185405 0.579458 0.235137
1 2.10963e-10 4.71583e-10
0.268817 0.549765 0.181418
1.67601e-10 0.666667 0.333333
0.087855 0.793682 0.118463
0.644456 0.0222102 0.333333
0.3993 0.267366 0.333333
0.0666634 0.600003 0.333333
0.555442 0.111225 0.333333
0.643686 0.356314 2.42934e-09
0.109176 0.728243 0.162582
0.177429 0.489237 0.333333
0.897741 2.68819e-09 0.102259
0.139987 0.835744 0.024269
0.221777 0.514631 0.263592
0.510847 0.15582 0.333333
0.704887 0.170665 0.124449
0.352762 0.400047 0.247191
0.133167 0.5335 0.333333
0.112384 0.613309 0.274307
0.354794 0.311873 0.333333
0.731736 6.45687e-11 0.268264
0.466222 0.200445 0.333333
0.625871 0.0972197 0.276909
0.39872 0.60128 2.59637e-12
0.582746 0.289862 0.127392
0.622222 0.0444444 0.333333
0.712399 0.287601 5.99313e-10
0.699097 0.0600754 0.240828
0.858443 0.0718304 0.0697269
0.332582 0.334085 0.333333
0.0125702 0.71745 0.26998
0.288129 0.378538 0.333333
0.265962 0.400705 0.333333
0.488533 0.178134 0.333333
0.310518 0.479073 0.210409
0.796773 7.54763e-12 0.203227
0.4439 0.222767 0.333333
0.50912 0.457937 0.0329425
0.199547 0.46712 0.333333
0.624528 0.211308 0.164164
0.111014 0.555653 0.333333
0.243819 0.422847 0.333333
0.469431 0.410851 0.119718
0.251549 0.729142 0.0193089
0.0968973 0.903103 2.59637e-12
0.583722 0.170499 0.245779
0 6.05552e-18 1
0.421587 0.24508 0.333333
0.827475 0.0317363 0.140789
0.198069 0.692009 0.109923
0.666667 7.44971e-10 0.333333
0.533153 0.133514 0.333333
0.0759393 0.686385 0.237675
0.0888263 0.57784 0.333333
0.206378 0.793622 2.0991e-12
0.78094 0.122653 0.0964074
0.278972 0.653197 0.0678313
0.310337 0.35633 0.333333
0.664128 0.251149 0.0847224
0.155315 0.511352 0.333333
0.73981 0.216092 0.0440983
0.830079 0.144859 0.0250617
0.599979 0.0666881 0.333333
0.546433 0.250543 0.203025
0.0649353 0.86195 0.0731144
0.74599 0.0852851 0.168725
0.0248014 0.942081 0.0331171
0.50984 0.212559 0.277601
0.381149 0.562404 0.0564462
0.395477 0.32739 0.277133
0.468074 0.286468 0.245458
0.15392 0.653822 0.192259
0.231666 0.619108 0.149226
0.617126 0.326248 0.056626
0.349654 0.517355 0.13299
0 0.894715 0.105285
0.54368 0.374469 0.0818514
0.0444521 0.622215 0.333333
0.57772 0.0889463 0.333333
0.473228 0.526772 2.02027e-12
0.664363 0.135121 0.200515
0.429459 0.486922 0.0836199
0 0.780821 0.219179
0.221668 0.444999 0.333333
0.799926 0.200074 2.59637e-12
0.0170924 0.823916 0.158992
0.574934 0.425066 4.12048e-12
0.0222329 0.644434 0.333333
0.324175 0.675825 4.13047e-12
0.941247 0.0276308 0.0311225
0.279077 0.44093 0.279994
0.313431 0.590388 0.0961809
0.901417 0.0985833 3.86557e-12
0.431897 0.36709 0.201013
0.506844 0.330038 0.163118
0.390952 0.442897 0.166151
0.164399 0.759631 0.0759702
