0.64482 0.0218462 0.333333
0.0643402 0.602327 0.333333
5.96588e-10 0.666667 0.333333
0.341937 0.32473 0.333333
0.898468 0.101532 1.43661e-11
0.896151 6.11333e-10 0.103849
0.579427 0.0872395 0.333333
1.14014e-11 1 7.05259e-11
0.711283 0.0260051 0.262712
0.326322 0.548439 0.125239
0 0.855892 0.144108
0.67106 0.239772 0.0891679
0.192453 0.474214 0.333333
0.406355 0.260312 0.333333
0.36335 0.303317 0.333333
0.711656 0.288344 7.04816e-11
0.559488 0.348159 0.0923531
1.16859e-14 0.749156 0.250844
0.514317 0.15235 0.333333
1 2.2244e-11 7.04816e-11
0.128508 0.538159 0.333333
0.384838 0.281829 0.333333
0.021469 0.645198 0.333333
1.44757e-14 0.921454 0.0785465
0.666667 4.55536e-10 0.333333
0.585386 0.164691 0.249923
0.592216 0.279341 0.128442
0.779701 5.32773e-10 0.220299
0.449454 0.217213 0.333333
0.253163 0.716056 0.0307805
0.0857358 0.580931 0.333333
0.619045 0.380955 5.53324e-11
0.320507 0.34616 0.333333
0.827099 0.0211071 0.151794
0.256373 0.410294 0.333333
0.129704 0.713437 0.156858
0.471051 0.195616 0.333333
0.166551 0.63687 0.196579
0.277725 0.388942 0.333333
0.503094 0.33166 0.165246
0.149845 0.516822 0.333333
0.14685 0.821483 0.0316669
0.744476 0.192511 0.0630136
0.246128 0.591878 0.161994
0.857834 0.0716741 0.0704921
0.175233 0.746566 0.0782009
0.642483 0.316596 0.0409207
0.508354 0.214532 0.277115
0.213741 0.452925 0.333333
0.557658 0.109009 0.333333
0.376338 0.468602 0.15506
0.299115 0.367551 0.333333
0.785869 0.111944 0.102187
0.290332 0.51199 0.197679
0.492664 0.174003 0.333333
0.171161 0.495506 0.333333
0.0984927 0.777801 0.123706
0.049387 0.667776 0.282837
0.107146 0.559521 0.333333
0.628032 0.200619 0.171349
0.829485 0.153699 0.0168164
0.317954 0.682046 5.10006e-11
0.285679 0.632894 0.0814271
0.669817 0.117968 0.212216
0.248917 0.481721 0.269362
0.0680488 0.845904 0.0860474
0.113133 0.886867 5.10006e-11
0.0491947 0.936114 0.0146917
0.526112 0.405706 0.0681824
0.235056 0.431611 0.333333
0.464685 0.291585 0.24373
0.779748 0.220252 1.43661e-11
0.424725 0.38113 0.194145
0.622991 0.0436752 0.333333
0.0843873 0.694994 0.220618
0.203785 0.553705 0.24251
0.0429098 0.623757 0.333333
0.215311 0.784689 5.10006e-11
0.393604 0.338223 0.268173
0.410893 0.508548 0.0805595
0.547741 0.248971 0.203288
0.554654 0.445346 5.53324e-11
0.13076 0.600629 0.268611
0.359692 0.584276 0.0560318
0.313756 0.401809 0.284435
0.454735 0.545265 2.1103e-11
0.42791 0.238757 0.333333
0.633239 0.0866552 0.280106
0.455767 0.426512 0.117721
0.210617 0.672195 0.117189
0.535984 0.130683 0.333333
0.706297 0.156787 0.136915
0.74514 0.075507 0.179353
0.940638 0.0285443 0.0308173
0.386305 0.613695 1.89354e-08
0.601213 0.0654541 0.333333
0.488857 0.480094 0.0310492
0.343876 0.431981 0.224142
0.0264306 0.790135 0.183435
0 0 1
