0.941349 0.0269752 0.0316759
0 0.902552 0.0974476
0.153649 0.513017 0.333333
0.1658 0.638101 0.196099
0.0396762 0.76817 0.192154
0.398729 0.494319 0.106951
0.487036 0.179631 0.333333
8.65182e-10 0.666667 0.333333
0.464639 0.202028 0.333333
0.554281 0.112385 0.333333
0.419925 0.246741 0.333333
0.689128 0.188981 0.121891
0.300174 0.699826 1.20681e-13
0.442282 0.224385 0.333333
0.531857 0.134809 0.333333
0.897439 1.01229e-11 0.102561
0.521664 0.205324 0.273013
0.207333 0.792667 3.01981e-14
0.759216 0.158313 0.0824711
0.0300307 0.942409 0.0275605
0.197741 0.468926 0.333333
0.308481 0.358186 0.333333
0.0998978 0.900102 8.12572e-13
0.241989 0.424678 0.333333
0.48363 0.278454 0.237917
1 1.85684e-10 1.0536e-13
0.240683 0.59011 0.169207
0.129864 0.600584 0.269552
0.352963 0.313704 0.333333
0.6217 0.044967 0.333333
0.109629 0.557038 0.333333
0.666667 2.83161e-11 0.333333
0.37528 0.291387 0.333333
0.166201 0.756003 0.077796
0.73361 0.236925 0.0294649
0.240209 0.479344 0.280448
0.0437915 0.622875 0.333333
0.658978 0.265212 0.0758103
0.264142 0.402524 0.333333
0.599214 0.0674531 0.333333
0.59486 0.174087 0.231053
0.576733 0.0899336 0.333333
0.205037 0.675205 0.119758
0.175685 0.490982 0.333333
0.79897 0.20103 5.10637e-11
0.456957 0.354319 0.188724
7.47953e-12 1 5.10637e-11
0.902339 0.0976612 1.0536e-13
0.28001 0.507305 0.212684
0.626915 0.213013 0.160072
0.628415 0.349921 0.0216648
0.619331 0.110761 0.269908
0.0518702 0.664662 0.283468
0.286297 0.38037 0.333333
0.089041 0.796137 0.114822
0.318616 0.541487 0.139897
0.859766 0.0613743 0.0788593
0.644167 0.0225002 0.333333
0.131623 0.535044 0.333333
0.477967 0.440469 0.0815632
0.512595 0.487405 5.10637e-11
0.682759 0.0730841 0.244157
0.0623449 0.863047 0.074608
0.397603 0.269064 0.333333
0.707236 0.120024 0.172739
0.219843 0.446823 0.333333
2.38878e-10 0.834811 0.165189
0.380745 0.382561 0.236694
0.0219041 0.644763 0.333333
0.521421 0.336487 0.142092
0.445921 0.528112 0.0259674
0.0657066 0.60096 0.333333
0.314962 0.419988 0.26505
0.834859 0.135106 0.0300352
0.1406 0.833719 0.0256816
0.554059 0.255383 0.190558
0.694711 0.305289 5.10637e-11
0.0891119 0.688832 0.222056
0.41356 0.312435 0.274005
0.0876446 0.579022 0.333333
0.353667 0.461021 0.185312
0.333168 0.643568 0.0232642
0.199296 0.55411 0.246593
0.729533 8.22896e-12 0.270467
0.547801 0.386728 0.0654714
0.360374 0.569094 0.0705321
0.827805 9.33744e-12 0.172195
0.126559 0.720342 0.1531
0.279631 0.62621 0.094159
0.509433 0.157234 0.333333
0 0 1
0.330694 0.335973 0.333333
0.42899 0.418401 0.152609
0.240574 0.720601 0.0388247
0.591187 0.301424 0.107389
0.581465 0.418535 1.60635e-11
0.760921 0.0344035 0.204676
0.404158 0.595842 1.86517e-14
2.12524e-10 0.742713 0.257287
0.789256 0.0854505 0.125293
