0.910623 0.0893767 5.46957e-11
0.132433 0.767081 0.100485
1 4.92106e-12 5.46957e-11
0.713996 0.286004 1.86973e-12
0.666667 1.56003e-10 0.333333
0.447124 0.219542 0.333333
0.291746 0.374921 0.333333
6.6198e-12 1 2.81763e-10
0.0225059 0.644161 0.333333
0.135071 0.531596 0.333333
0.111725 0.717897 0.170378
0.179965 0.486702 0.333333
0 0 1
0.616702 0.320497 0.0628014
0.372202 0.560706 0.0670915
0.513291 0.153376 0.333333
0.579143 0.0875237 0.333333
0.293219 0.706781 3.48881e-11
0.202406 0.46426 0.333333
0.769519 0.0353746 0.195107
0.645769 0.354231 1.86973e-12
0.425002 0.241664 0.333333
0.601043 0.0656239 0.333333
0.380733 0.285934 0.333333
0.526178 0.473822 3.48881e-11
0.469186 0.197481 0.333333
0.0615549 0.79879 0.139655
0.405556 0.594444 5.46957e-11
0.24716 0.419507 0.333333
0.0376766 0.939785 0.0225381
0.661822 0.250292 0.0878865
0.157374 0.566833 0.275792
0.937429 0.0267681 0.0358034
0.686895 0.0537723 0.259333
0.815864 0.184136 5.46957e-11
0.112567 0.554099 0.333333
0.159547 0.82514 0.0153126
0.747771 3.67983e-12 0.252229
0.246665 0.6787 0.0746346
0.901595 1.53489e-11 0.0984048
0.0675236 0.599143 0.333333
0.107417 0.892583 8.46426e-11
0.335984 0.525577 0.13844
0 0.666667 0.333333
0.614194 0.106156 0.279651
0.157534 0.509132 0.333333
0.535294 0.131372 0.333333
0.342601 0.405568 0.251831
0.814824 0.0694359 0.11574
0.224821 0.441845 0.333333
0 0.907832 0.0921684
0.358549 0.308118 0.333333
0.578706 0.406042 0.0152521
0.336537 0.642584 0.020879
0.267136 0.453538 0.279327
0.402882 0.263785 0.333333
0.560978 0.17883 0.260191
0.224056 0.529027 0.246917
0.336334 0.330332 0.333333
0.201691 0.657968 0.140341
0.745421 0.220746 0.0338333
0.389965 0.32924 0.280796
0.493918 0.439862 0.0662195
0 0.843279 0.156721
0.30215 0.488926 0.208923
0.269456 0.39721 0.333333
0.314038 0.352629 0.333333
0.491282 0.175385 0.333333
0.291842 0.606442 0.101716
0.0449956 0.621671 0.333333
0.644802 0.0218648 0.333333
0.225969 0.774031 2.88334e-11
0.773602 0.144103 0.0822955
0.0746165 0.691387 0.233997
0.622934 0.0437328 0.333333
0.458507 0.526499 0.014994
0.0123841 0.716568 0.271048
0.417843 0.484044 0.0981136
0.425026 0.361541 0.213433
0.851548 0.109713 0.0387391
0.194017 0.742311 0.0636719
0.499683 0.320838 0.179479
0.0784515 0.852201 0.0693478
0.615064 0.210488 0.174448
0.539064 0.36248 0.0984559
0.170668 0.622114 0.207219
0.380919 0.443804 0.175277
0.729799 0.104566 0.165635
0 0.77877 0.22123
0.459269 0.401512 0.139219
0.466316 0.270783 0.262901
0.253003 0.573041 0.173956
0.55724 0.109427 0.333333
0.101854 0.633639 0.264507
0.838675 1.42777e-11 0.161325
0.577014 0.283107 0.139879
0.653357 0.13765 0.208993
0.696477 0.179327 0.124196
0.0900456 0.576621 0.333333
0.532951 0.242615 0.224435
