0.131486 5.44928e-09 0.868514
0.961662 0.0383378 0
1.04282e-09 0.0654074 0.934593
0.213398 0.399208 0.387394
2.6472e-09 0.441628 0.558372
0.126625 0.318932 0.554443
6.31717e-14 1 0
1.69195e-11 5.54304e-12 1
0.530867 1.40862e-14 0.469133
0.485062 0.237242 0.277696
0.172879 0.227661 0.59946
0.0680954 0.00970845 0.922196
0.331251 0.163738 0.50501
0.416287 1.10459e-14 0.583713
1.01467e-09 0.239526 0.760474
2.93364e-11 0.75 0.25
0.314623 0.0653274 0.62005
0.500995 0.499005 0
0.555216 0.194784 0.25
1 1.44584e-12 0
7.50934e-10 0.177268 0.822732
0.75 3.05839e-13 0.25
0.808225 0.191775 0
4.66207e-10 0.554728 0.445272
0.424033 0.575967 0
0.61636 0.38364 0
0.592826 0.122139 0.285035
0.231609 0.768391 0
0.0772639 0.922736 0
0.154493 0.845507 0
0.0799207 0.514589 0.40549
0.684224 0.0287423 0.287033
0.298401 0.360799 0.3408
0.335719 0.283544 0.380736
0.370058 0.0832201 0.546722
0.168281 0.360237 0.471481
0.539478 0.460522 0
0.0830953 0.40044 0.516465
0.0272977 0.598821 0.373881
0.458925 0.0255961 0.515479
0.278417 0.137897 0.583686
0.25234 0.321195 0.426465
0.584323 0.0196407 0.396036
0.0281729 0.48379 0.488037
0.2077 0.280778 0.511522
0.502558 0.170325 0.327117
0.157303 0.592697 0.25
0.0357131 0.368242 0.596045
0.0850873 0.0780363 0.836876
0.195959 0.519361 0.28468
0.548837 0.0928758 0.358287
0.225951 0.122293 0.651755
0.272837 0.0306691 0.696493
0.647195 7.18531e-17 0.352805
0.0742528 0.200311 0.725436
0.0584555 0.691544 0.25
0.374842 0.200656 0.424502
0.414469 0.114475 0.471056
0.193081 0.806919 0
0.188171 0.086367 0.725462
0.270129 0.729871 0
0.0854557 0.628427 0.286117
0.343867 2.7245e-09 0.656133
0.246114 0.203693 0.550193
0.345605 0.404395 0.25
0.884932 0.115068 0
0.347106 0.652894 0
0.0386604 0.96134 0
0.168947 0.472998 0.358055
0.923307 0.076693 0
0.731522 0.268478 0
0.235303 1.86433e-09 0.764697
0.0917985 0.279112 0.629089
0.446722 0.303278 0.25
0.25475 0.49525 0.25
0.655566 0.0944341 0.25
0.693152 0.306848 0
0.577937 0.422063 0
0.145832 0.176236 0.677932
0.378988 0.332216 0.288795
0.45484 0.151673 0.393487
0.291569 0.2427 0.46573
0.769879 0.230121 0
0.0183926 0.113698 0.867909
0.495389 0.072592 0.432019
0.308625 0.691375 0
0.462514 0.537486 0
0.41314 0.2461 0.34076
0.654774 0.345226 0
0.11586 0.552949 0.331191
0.267314 0.434321 0.298365
0.115897 0.884103 0
0.846571 0.153429 0
0.164922 0.0331043 0.801974
0.0365829 0.26722 0.696197
0.122744 0.438696 0.438559
0.385574 0.614426 0
1.77207e-09 0.337485 0.662515
8.57096e-09 0.667395 0.332605
0.107652 0.126583 0.765766
