9.59797e-12 1 0
0.599636 0.147367 0.252997
0.158187 0.169293 0.67252
0.158226 0.289723 0.55205
0.200899 0.0864013 0.7127
0.0396432 0.960357 0
1 5.78992e-12 0
0.542746 3.30032e-11 0.457254
0.238194 0.761806 0
0.23719 0.256449 0.506361
0.2703 0.31367 0.416029
0.397581 0.602419 0
0.718063 0.281937 0
0.128664 0.467523 0.403813
0.0255362 0.409951 0.564513
0.533173 0.216827 0.25
5.86435e-11 0.75 0.25
0.425358 0.231037 0.343605
0.264303 0.457389 0.278308
1.89243e-10 2.78779e-10 1
0.105386 0.644614 0.25
0.153394 0.0585311 0.788075
0.222119 0.413318 0.364563
0.6302 0.0614002 0.3084
0.274844 0.174588 0.550568
0.110665 3.3153e-09 0.889335
0.332347 0.417653 0.25
0.505143 0.181547 0.313309
0.467218 0.146044 0.386738
0.637756 0.362244 0
0.201035 0.332041 0.466924
0.75 8.55063e-10 0.25
0.798504 0.201496 0
0.119003 0.880997 0
0.0656797 0.608373 0.325947
0.198391 0.801609 0
0.510218 0.06902 0.420762
0.959667 0.0403325 0
0.178792 0.494486 0.326722
1.58406e-12 0.580049 0.419951
3.51108e-12 0.365815 0.634185
0.374354 0.314257 0.311389
0.344127 0.271386 0.384487
1.30679e-12 0.478516 0.521484
0.024246 0.29649 0.679264
0.597636 0.402364 0
0.116074 0.365647 0.518278
0.167964 0.395303 0.436732
0.674544 0.0754562 0.25
1.21026e-13 0.148748 0.851252
0.352821 2.30532e-11 0.647179
0.0762409 0.32797 0.595789
0.477506 0.522494 0
0.0936327 0.540587 0.36578
0.317752 0.682248 0
0.150145 0.576008 0.273847
0.404313 0.345687 0.25
0.350268 0.142319 0.507412
2.04521e-13 0.251369 0.748631
0.674676 6.00925e-10 0.325324
0.114352 0.251705 0.633944
0.600368 0.0101967 0.389436
0.758251 0.241749 0
0.283853 0.0378589 0.678288
1.77505e-12 0.649986 0.350014
0.220988 0.529012 0.25
0.0793086 0.920691 0
0.430337 0.10218 0.467483
0.0432174 0.0215711 0.935211
0.31507 0.0898424 0.595087
0.29933 0.366271 0.334398
0.158678 0.841322 0
7.23992e-14 0.0889837 0.911016
0.557555 0.442445 0
0.357636 0.642364 0
0.181745 1.18751e-11 0.818255
0.078725 0.0833755 0.837899
0.55457 0.102413 0.343017
0.879025 0.120975 0
0.919317 0.0806827 0
0.0360601 0.51412 0.44982
0.677904 0.322096 0
0.310057 0.225063 0.46488
0.388333 0.186447 0.42522
0.474159 0.017602 0.508239
0.238864 0.12719 0.633946
0.387593 0.0643708 0.548036
0.838744 0.161256 0
0.032584 0.690268 0.277148
0.0327291 0.177919 0.789352
0.197056 0.210961 0.591983
0.422876 1.06453e-10 0.577124
0.0809758 0.437573 0.481451
0.517517 0.482483 0
0.113706 0.133602 0.752693
0.437531 0.562469 0
0.252844 1.4819e-10 0.747156
0.464429 0.275025 0.260546
0.277953 0.722047 0
0.0772279 0.212947 0.709826
