0.028729 0.506912 0.464359
3.20336e-10 0.75 0.25
0.299001 2.00816e-11 0.700999
1 6.15064e-14 0
0.143335 0.187926 0.668739
0.75 1.63679e-10 0.25
1.44939e-10 1 0
0.881685 0.118315 0
0.081157 0.918843 0
4.07122e-11 3.12437e-10 1
0.287153 0.124799 0.588048
6.73087e-12 0.267109 0.732891
1.33177e-11 0.14832 0.85168
0.484038 0.515962 0
0.524112 0.475888 0
0.0405983 0.959402 0
0.842086 0.157914 0
0.535939 3.5995e-11 0.464061
0.121639 0.878361 0
0.132584 0.329806 0.53761
0.251742 0.465098 0.28316
0.444 0.556 0
0.0942262 0.0339541 0.87182
0.563998 0.436002 0
4.54354e-08 0.0787417 0.921258
0.0608808 0.365963 0.573156
0.921159 0.0788412 0
0.396358 2.66204e-11 0.603642
0.204074 0.42252 0.373406
0.162104 0.837896 0
0.321392 0.303085 0.375524
0.323317 0.426683 0.25
0.573646 0.154286 0.272069
0.327528 0.0386474 0.633825
0.170991 0.2448 0.584209
0.363655 0.636345 0
0.762971 0.237029 0
3.48964e-11 0.687057 0.312943
0.0641953 0.11058 0.825225
0.137957 0.0822838 0.779759
0.230841 1.55039e-11 0.769159
0.0189607 0.19731 0.783729
0.645853 4.40782e-11 0.354147
0.530936 0.219064 0.25
0.466083 3.13033e-11 0.533917
0.683533 0.316467 0
8.39652e-11 0.579315 0.420685
0.643714 0.356286 0
0.463821 0.257756 0.278423
0.603902 0.396098 0
0.960581 0.0394192 0
0.802529 0.197471 0
0.112559 0.576787 0.310654
0.0834193 0.419586 0.496995
0.573941 0.0268041 0.399255
0.362755 0.0860141 0.551231
0.323463 0.676537 0
0.43698 0.0584136 0.504606
0.0109647 0.325617 0.663418
0.0951855 0.282445 0.62237
0.323898 0.171011 0.50509
0.360635 0.353876 0.285488
0.242543 0.0892089 0.668248
0.242835 0.757165 0
0.16273 2.18671e-10 0.83727
0.217412 0.532588 0.25
0.282276 0.384086 0.333637
0.164852 0.378103 0.457045
0.202101 0.0647475 0.733151
0.284631 0.25517 0.460198
0.689485 0.0304928 0.280023
0.0783927 0.671607 0.25
0.395249 0.265594 0.339157
0.482754 0.191288 0.325958
0.283199 0.716801 0
0.0676665 0.233999 0.698334
0.207896 0.292222 0.499882
0.247159 0.20805 0.544791
0.439643 0.168373 0.391984
0.209905 0.160127 0.629968
0.243477 0.33929 0.417233
0.120118 0.460934 0.418948
0.061866 4.15507e-12 0.938134
0.40016 0.133006 0.466833
3.65091e-11 0.46816 0.53184
0.147928 0.602072 0.25
0.0307563 0.622295 0.346948
0.403814 0.596186 0
0.202528 0.797472 0
0.42614 0.32386 0.25
0.104446 0.153237 0.742317
0.723286 0.276714 0
0.486364 0.0835852 0.43005
1.4343e-10 0.396122 0.603878
0.645287 0.104713 0.25
0.527827 0.115401 0.356771
0.0785677 0.537682 0.383751
0.361468 0.217274 0.421258
0.165466 0.499933 0.334602
0.60485 0.0737537 0.321396
