0.760172 0.239828 0
1 1.43041e-11 0
0.199185 0.800815 0
0.603952 0.0223817 0.373666
4.736e-10 1 0
4.70119e-12 4.83781e-11 1
0.0180229 0.684975 0.297002
0.176731 0.177196 0.646073
0.679994 0.320006 0
2.38308e-10 0.75 0.25
0.239113 0.760887 0
0.394862 0.272563 0.332575
0.262309 0.487691 0.25
0.156595 2.23996e-12 0.843405
0.333136 0.416864 0.25
0.333424 0.105441 0.561134
0.486998 0.237179 0.275823
0.479311 0.520689 0
0.75 1.42253e-10 0.25
0.445496 5.6333e-11 0.554504
0.665653 1.00486e-09 0.334347
0.556938 3.83239e-09 0.443062
0.880212 0.119788 0
0.219482 0.0907627 0.689755
0.960103 0.0398971 0
0.720092 0.279908 0
0.0750754 0.416371 0.508553
0.639881 0.360119 0
0.0795998 0.9204 0
1.36023e-10 0.455677 0.544323
0.0659413 0.169854 0.764204
1.8056e-10 0.569462 0.430538
0.376873 0.0196216 0.603506
0.411417 0.200959 0.387624
0.6876 0.0504738 0.261926
0.144147 0.12898 0.726873
0.371793 0.153614 0.474593
0.554813 0.195187 0.25
0.150486 0.37734 0.472173
0.800207 0.199793 0
0.359086 0.640914 0
0.279102 0.720898 0
0.408618 0.0741452 0.517237
2.02701e-10 0.637938 0.362062
1.36765e-11 0.355491 0.644509
0.279725 0.380944 0.339331
0.0674919 0.541044 0.391464
0.18405 0.299932 0.516017
0.627285 0.122715 0.25
0.439208 0.560792 0
0.519465 0.480535 0
0.0229655 0.501287 0.475748
0.47226 0.172616 0.355124
0.0830274 0.666973 0.25
0.597164 0.0917795 0.311056
0.31909 0.68091 0
0.489264 0.0257537 0.484982
0.108603 0.460697 0.4307
0.447242 0.115687 0.437071
0.119427 0.880573 0
0.231707 0.341354 0.426939
0.254359 0.143164 0.602477
0.339806 0.233018 0.427177
0.291819 0.0650998 0.643081
0.263341 0.26569 0.47097
0.0842094 0.0372961 0.878494
2.50024e-10 0.0820391 0.917961
0.0585807 2.39114e-08 0.941419
0.149457 0.500579 0.349964
0.314131 0.307377 0.378491
8.46818e-11 0.267075 0.732925
0.327529 2.09916e-09 0.672471
0.0960942 0.584004 0.319901
0.366536 0.350085 0.283379
0.189202 0.0375801 0.773218
0.257558 6.48918e-09 0.742442
0.399118 0.600882 0
0.1915 0.537983 0.270517
0.0241949 0.126039 0.849766
0.519408 0.0789458 0.401646
0.105125 0.334382 0.560493
0.108164 0.0873245 0.804511
0.191146 0.418314 0.39054
0.0498025 0.293096 0.657101
0.159292 0.840708 0
0.0397946 0.960205 0
0.217246 0.222762 0.559993
0.559596 0.440404 0
0.440615 0.309385 0.25
0.296012 0.187153 0.516835
0.840203 0.159797 0
0.147733 0.602267 0.25
0.599748 0.400252 0
0.0942758 0.21611 0.689614
0.536259 0.135039 0.328702
0.920176 0.0798242 0
6.2187e-11 0.19613 0.80387
0.0313708 0.381899 0.58673
0.136031 0.258184 0.605785
0.232586 0.453299 0.314115
