4.71381e-12 8.09105e-13 1
0.75 1.28742e-09 0.25
0.165258 0.135107 0.699635
0.524543 7.93935e-09 0.475457
0.30188 4.56918e-09 0.69812
1 1.55215e-11 0
4.05342e-11 1 0
0.25955 0.20598 0.53447
0.301137 0.358161 0.340702
0.265242 0.30758 0.427177
0.0752968 0.069305 0.855398
0.163381 0.549119 0.2875
1.57858e-11 0.1043 0.8957
0.139293 0.610707 0.25
0.0229299 0.560645 0.416425
0.45707 0.274107 0.268823
0.227702 0.274764 0.497534
0.0812183 0.918782 0
0.921264 0.0787357 0
0.327685 0.166019 0.506296
0.283519 0.716481 0
0.110563 0.517845 0.371592
0.228342 0.394492 0.377166
0.526093 0.223907 0.25
5.98587e-13 0.75 0.25
0.230919 4.22336e-11 0.769081
0.802667 0.197333 0
0.0751549 0.594728 0.330117
0.64384 0.35616 0
0.125022 0.211279 0.663698
0.68363 0.31637 0
0.564206 0.435794 0
0.689323 0.0295686 0.281108
1.12545e-09 0.392501 0.607499
0.175311 0.243354 0.581335
0.148843 0.435898 0.41526
0.19222 0.473317 0.334463
0.121815 0.878185 0
0.359997 0.201308 0.438694
0.236807 0.513193 0.25
0.02536 0.149273 0.825367
0.404189 0.595811 0
0.32379 0.67621 0
0.104204 1.16743e-13 0.895796
0.142677 0.318015 0.539308
0.644342 1.00011e-11 0.355658
0.960652 0.0393475 0
0.0170176 0.444397 0.538585
0.0406125 0.959388 0
0.0811012 0.175703 0.743196
0.0338309 0.255174 0.710995
0.488329 0.0747854 0.436885
0.444321 0.555679 0
0.575276 0.155397 0.269327
3.01005e-11 0.513773 0.486227
0.161732 0.0126122 0.825656
9.24185e-10 0.32231 0.67769
0.293402 0.120408 0.58619
0.407645 0.342355 0.25
0.0887799 0.285061 0.626159
0.72333 0.27667 0
0.162319 0.837681 0
0.253005 0.0844672 0.662528
0.48948 0.188828 0.321692
0.0124808 0.684992 0.302527
0.36405 0.63595 0
0.409321 0.114687 0.475992
0.331235 0.270626 0.398139
5.01994e-13 0.629035 0.370965
0.0301505 0.0302426 0.939607
0.573695 0.0200658 0.40624
0.763016 0.236984 0
0.524393 0.475607 0
0.271426 0.442446 0.286129
0.201141 0.0617985 0.73706
0.445625 0.155168 0.399207
0.102484 0.398929 0.498587
0.842276 0.157724 0
0.071681 0.47655 0.451769
0.338763 0.0303442 0.630893
0.409806 6.20273e-09 0.590193
0.64581 0.10419 0.25
0.3706 0.0792633 0.550137
0.212631 0.166937 0.620432
0.0642411 0.357269 0.57849
0.20278 0.79722 0
0.338486 0.411514 0.25
0.243184 0.756816 0
0.371212 0.3129 0.315888
6.24772e-10 0.21789 0.78211
0.454779 0.0244592 0.520762
0.410958 0.23463 0.354412
0.530395 0.110571 0.359034
0.0808425 0.669157 0.25
0.604571 0.0725974 0.322832
0.604011 0.395989 0
0.119075 0.0988465 0.782079
0.484376 0.515624 0
0.184716 0.356196 0.459088
0.881755 0.118245 0
