0.60341 0.0719357 0.324655
5.93269e-13 5.14927e-14 1
0.408059 0.229072 0.362869
0.237318 0.189483 0.573199
5.03039e-12 0.75 0.25
1 1.11022e-16 0
0.12665 0.310768 0.562582
0.164442 0.366784 0.468774
0.398573 7.13085e-10 0.601427
0.27468 0.117582 0.607738
0.194543 0.805457 0
0.573734 0.154926 0.271339
0.772084 0.227916 0
0.284639 4.74134e-10 0.715361
0.231264 0.486596 0.28214
0.17481 0.125664 0.699526
0.16897 0.224576 0.606453
0.272209 0.727791 0
0.129032 0.196332 0.674636
0.426864 0.573136 0
0.644934 0.105066 0.25
0.340809 0.3832 0.275991
2.37944e-10 1 0
0.0308322 0.140486 0.828681
0.19246 0.55754 0.25
0.0909326 0.382755 0.526312
0.243838 0.0832929 0.672869
0.036278 0.350729 0.612993
0.542247 0.457753 0
0.410676 0.339324 0.25
0.279231 0.234011 0.486758
0.0812289 0.550524 0.368247
0.0844578 0.273408 0.642134
0.238526 0.321146 0.440329
2.7061e-11 0.101268 0.898732
0.404603 0.107752 0.487645
0.116812 0.883188 0
0.368228 0.304454 0.327318
0.156245 0.510478 0.333276
0.363984 0.18994 0.446076
0.848133 0.151867 0
0.455049 0.270639 0.274312
0.106617 4.03704e-10 0.893383
0.924125 0.0758752 0
0.657448 0.342552 0
0.518804 3.37884e-09 0.481196
0.259036 0.408912 0.332051
0.572055 0.0171411 0.410804
0.0851891 0.164844 0.749967
0.0815243 0.0635928 0.854883
0.178903 7.44216e-09 0.821097
0.44545 0.149231 0.405319
0.0829019 0.667098 0.25
0.484594 0.0716181 0.443788
0.299311 0.450689 0.25
0.525549 0.224451 0.25
0.201497 0.276457 0.522046
0.129561 0.0881199 0.782319
0.310916 0.689084 0
0.233397 0.766603 0
4.10801e-09 0.483487 0.516513
0.962057 0.037943 0
0.349631 0.650369 0
0.122534 0.597243 0.280223
1.16027e-10 0.314905 0.685095
2.02146e-09 0.591949 0.408051
0.285256 0.34625 0.368494
0.388285 0.611715 0
0.503934 0.496066 0
0.0779094 0.922091 0
0.448096 0.0203691 0.531535
0.733972 0.266028 0
0.75 2.93663e-09 0.25
0.0332923 0.24505 0.721658
0.465426 0.534574 0
0.213642 0.0332882 0.75307
7.68279e-10 0.691259 0.308741
0.359305 0.0753257 0.565369
7.14159e-10 0.209129 0.790871
0.32774 0.0255731 0.646687
0.322905 0.269049 0.408047
0.529268 0.107334 0.363399
0.192349 0.424088 0.383563
0.619044 0.380956 0
0.688795 0.0297212 0.281483
0.155685 0.844315 0
0.035991 0.627613 0.336396
0.886179 0.113821 0
0.810132 0.189868 0
0.580656 0.419344 0
0.0275966 0.523422 0.448981
3.78853e-11 0.415921 0.584079
0.0330255 0.0276794 0.939295
0.0389585 0.961042 0
0.0683779 0.443463 0.488159
0.695765 0.304235 0
0.116213 0.467127 0.41666
0.319865 0.153999 0.526136
0.643235 7.14134e-17 0.356765
0.488306 0.186353 0.325341
