0.617524 0.382476 0
9.00612e-11 1 0
0.0305222 0.37661 0.592868
1.71252e-12 0.44368 0.55632
0.0999791 0.524868 0.375153
0.516325 0.0741687 0.409506
3.01702e-11 0.334997 0.665003
0.0767281 0.297362 0.62591
0.218205 0.390956 0.39084
1 1.00787e-10 0
0.476643 0.151956 0.371401
0.602418 0.0156348 0.381947
3.28281e-12 0.112513 0.887487
0.363768 0.133491 0.502741
0.309759 0.690241 0
0.0233576 0.264855 0.711787
0.193337 0.189903 0.61676
0.105554 0.644446 0.25
0.302739 0.345506 0.351755
0.69411 0.30589 0
0.283809 0.466191 0.25
0.393993 0.187665 0.418343
0.592131 0.157869 0.25
0.391648 0.0482528 0.560099
0.233287 0.105355 0.661358
0.179183 0.348623 0.472194
0.808784 0.191216 0
0.11616 0.88384 0
0.295559 0.187404 0.517037
0.75 1.99069e-09 0.25
0.158197 0.138736 0.703067
2.41103e-13 0.643251 0.356749
2.14174e-11 1.40752e-11 1
0.0831728 5.87875e-13 0.916827
1.96146e-11 0.217792 0.782208
0.193667 0.806333 0
0.671072 0.0789282 0.25
0.158178 0.266494 0.575329
0.885222 0.114778 0
1.34454e-09 0.75 0.25
0.923469 0.0765309 0
0.154911 0.845089 0
0.452681 6.32242e-14 0.547319
0.579199 0.420801 0
0.386924 0.613076 0
0.017932 0.0472799 0.934788
0.478107 0.032658 0.489235
0.463979 0.536021 0
0.265548 0.154554 0.579897
0.0637201 0.480272 0.456008
0.0387009 0.961299 0
0.655822 0.344178 0
0.21387 0.53613 0.25
0.675909 8.66303e-12 0.324091
0.551518 3.55077e-13 0.448482
0.0781477 0.179492 0.74236
1.98702e-12 0.514798 0.485202
0.147313 0.570996 0.281691
0.226712 0.249954 0.523333
0.176771 0.484043 0.339186
0.0930664 0.0515224 0.855411
0.35264 0.269883 0.377477
0.197058 0.0488476 0.754095
0.0129162 0.571422 0.415662
0.540817 0.459183 0
0.261086 1.84539e-12 0.738914
0.362417 7.72899e-13 0.637583
0.404834 0.3027 0.292466
0.425462 0.574538 0
0.732333 0.267667 0
0.312336 0.231894 0.45577
0.0882795 0.405066 0.506654
0.556695 0.110381 0.332924
0.0774228 0.922577 0
0.328932 0.392728 0.278341
0.120194 0.0960943 0.783712
0.122344 0.332115 0.545541
0.482449 0.267551 0.25
0.140698 0.436515 0.422787
0.386979 0.36302 0.25
0.961733 0.0382668 0
0.631047 0.0642561 0.304697
0.348388 0.651612 0
0.0695259 0.602112 0.328362
0.23242 0.76758 0
0.033281 0.144224 0.822495
0.770564 0.229436 0
0.260789 0.306473 0.432738
0.170616 1.20593e-12 0.829384
0.249467 0.4345 0.316033
0.271119 0.728881 0
0.113592 0.222533 0.663875
0.522353 0.196663 0.280984
0.846994 0.153006 0
0.435409 0.106066 0.458524
0.0302006 0.688313 0.281486
0.316435 0.0836142 0.59995
0.502409 0.497591 0
0.288977 0.0318976 0.679125
0.437763 0.227692 0.334545
