7.06681e-12 0.178665 0.821335
3.34485e-10 0.75 0.25
0.351301 1.34486e-11 0.648699
1 4.11226e-10 0
0.199229 0.184171 0.6166
0.110527 0.223788 0.665685
0.388718 0.174095 0.437187
0.4416 0.5584 0
0.117743 0.469328 0.412929
0.467117 0.149087 0.383796
9.00625e-11 0.577724 0.422276
0.0709912 0.552696 0.376312
0.538936 0.211064 0.25
5.42114e-11 2.2518e-11 1
0.681624 0.318376 0
0.0277324 0.0364687 0.935799
0.478524 0.244248 0.277228
1.12815e-14 1 0
0.103042 0.596353 0.300604
0.225919 5.95987e-11 0.774081
2.89177e-17 0.473194 0.526806
0.0880459 0.661954 0.25
0.0400932 0.959907 0
0.130505 0.342006 0.52749
0.12797 0.0818906 0.790139
0.561719 0.438281 0
0.0801985 0.919802 0
0.0841848 0.296641 0.619174
0.152921 0.505877 0.341202
0.570714 0.15208 0.277207
0.534577 0.113853 0.35157
0.0126509 0.329255 0.658094
0.162697 0.262686 0.574617
0.401489 0.598511 0
0.436544 0.214401 0.349055
0.641688 0.358312 0
0.433927 0.316073 0.25
0.75 7.06585e-11 0.25
0.120314 0.879686 0
0.521716 0.478284 0
4.72689e-10 0.644333 0.355667
0.0592438 0.37534 0.565417
0.206108 0.309332 0.484559
0.0930502 0.164286 0.742664
0.0316878 0.510124 0.458188
0.210112 0.512684 0.277205
0.577025 0.0207052 0.40227
0.960225 0.0397753 0
0.721507 0.278493 0
0.801184 0.198816 0
0.16364 0.138817 0.697543
0.420318 1.60907e-11 0.579682
0.15408 0.0100397 0.835881
0.281 0.719 0
0.690171 0.0307589 0.27907
0.293019 0.407744 0.299237
0.0646501 0.0931159 0.842234
0.319323 0.190185 0.490492
0.645014 0.104986 0.25
0.601725 0.398275 0
0.76135 0.23865 0
0.415963 0.110096 0.473941
1.10425e-11 0.279178 0.720822
0.321398 0.0648375 0.613765
0.19903 0.063995 0.736975
0.0285499 0.214656 0.756794
0.528679 6.98409e-10 0.471321
0.246317 0.358574 0.395108
0.210871 0.436356 0.352773
0.840972 0.159028 0
0.166835 0.391001 0.442164
0.607119 0.071358 0.321523
0.0839383 0.426595 0.489467
0.495135 0.0733493 0.431515
0.646802 8.54455e-10 0.353198
0.173266 0.576734 0.25
8.31527e-11 0.107653 0.892347
0.920481 0.0795186 0
0.24175 0.228251 0.529999
0.392709 0.291487 0.315805
0.200632 0.799368 0
0.366588 0.0912312 0.542181
0.240792 0.759208 0
0.283523 0.0136258 0.702851
0.36134 0.63866 0
0.481683 0.518317 0
0.364277 0.385723 0.25
0.282077 0.276239 0.441684
0.355033 0.247425 0.397542
0.243738 0.100356 0.655906
0.274172 0.475828 0.25
0.160471 0.839529 0
1.35909e-11 0.400861 0.599139
0.0988885 4.06655e-11 0.901112
0.321388 0.329592 0.34902
0.0234385 0.685441 0.291121
0.282061 0.145803 0.572137
0.880753 0.119247 0
0.321182 0.678818 0
0.457375 0.0279252 0.5147
