6.28361e-14 0.465236 0.534764
0.441132 0.558868 0
0.960287 0.0397127 0
0.427289 0.322711 0.25
7.13727e-14 0.576596 0.423404
0.75 1.64794e-11 0.25
0.045543 0.6082 0.346257
0.841016 0.158984 0
0.237149 0.230711 0.53214
0.521367 0.478633 0
0.574996 0.0139077 0.411097
0.681511 0.318489 0
0.576364 0.146597 0.277039
1 1.6137e-10 0
0.438175 0.140132 0.421693
0.343575 2.69028e-11 0.656425
0.880792 0.119208 0
0.154181 0.270448 0.575371
0.0202291 0.277076 0.702695
0.246978 0.474524 0.278498
0.226385 9.33243e-09 0.773615
1.06471e-13 1.73985e-13 1
0.0727663 0.0732118 0.854022
0.388823 0.281921 0.329257
0.27444 0.0222648 0.703296
0.0399712 0.960029 0
0.324063 0.189501 0.486436
2.07298e-12 1 0
0.119959 0.880041 0
0.761344 0.238656 0
0.0734979 0.310442 0.61606
0.385887 0.0293778 0.584735
0.240272 0.759728 0
0.414008 0.0876907 0.498302
0.604447 0.0692839 0.326269
0.360778 0.639222 0
0.164329 0.503186 0.332485
0.486552 0.0631039 0.450344
0.116815 0.46577 0.417415
7.41912e-14 0.347161 0.652839
0.192098 0.191764 0.616138
0.280425 0.719575 0
0.105499 2.31809e-12 0.894501
0.495162 0.173219 0.331618
0.64523 1.41773e-11 0.35477
0.206584 0.543416 0.25
0.646794 0.103206 0.25
0.109277 0.11051 0.780213
0.231895 0.109954 0.658151
2.46527e-14 0.227338 0.772662
0.0724283 0.190191 0.737381
0.467814 0.25346 0.278726
0.689438 0.029531 0.281031
0.156759 0.0195945 0.823646
0.601543 0.398457 0
0.35873 0.363946 0.277325
1.00172e-09 0.75 0.25
0.188743 0.0734175 0.737839
0.92052 0.0794796 0
0.520826 6.47953e-10 0.479174
0.0836898 0.538341 0.377969
0.150938 0.152152 0.69691
0.451223 4.04448e-12 0.548777
0.481264 0.518736 0
0.0441634 0.686313 0.269524
3.85559e-14 0.105495 0.894505
0.277858 0.39271 0.329432
0.0272734 0.508889 0.463838
0.107866 0.642134 0.25
0.200335 0.429563 0.370102
0.23698 0.350562 0.412459
0.194846 0.310457 0.494698
0.0187094 0.157644 0.823647
0.641554 0.358446 0
0.528489 0.0998381 0.371673
0.316548 0.433452 0.25
0.721441 0.278559 0
0.0799465 0.920054 0
0.133491 0.578513 0.287996
4.67126e-10 0.666791 0.333209
0.535959 0.214041 0.25
0.0757343 0.427318 0.496948
0.111134 0.351207 0.53766
0.272413 0.154677 0.572911
0.355741 0.228111 0.416148
0.156907 0.388668 0.454425
0.350345 0.118549 0.531106
0.20016 0.79984 0
0.307846 0.0762487 0.615905
0.108404 0.233227 0.658369
0.400963 0.599037 0
0.27679 0.27097 0.45224
0.320589 0.679411 0
0.160039 0.839961 0
0.801195 0.198805 0
0.420952 0.206862 0.372186
0.0304988 0.03047 0.939031
0.0217376 0.395561 0.582701
0.561505 0.438495 0
0.316306 0.314385 0.369308
