1 6.77236e-14 0
0.16197 0.83803 0
0.138689 0.0329359 0.828375
0.348359 1.08402e-10 0.651641
0.242674 0.757326 0
1.81009e-09 0.75 0.25
0.471113 0.212863 0.316024
0.323214 0.676786 0
0.0994445 2.00853e-12 0.900555
0.920961 0.0790392 0
1.44371e-09 0.643024 0.356976
0.116378 0.536005 0.347617
0.44371 0.55629 0
0.383368 0.152115 0.464517
0.570671 0.0442113 0.385118
0.387047 0.262383 0.35057
0.960485 0.0395147 0
0.0774623 0.491862 0.430676
0.683174 0.316826 0
9.0109e-11 5.20757e-11 1
0.0656855 0.0778062 0.856508
8.96508e-11 1 0
0.722904 0.277096 0
0.643403 0.356597 0
0.296129 0.197912 0.50596
1.36577e-10 0.106384 0.893616
0.47378 0.104536 0.421685
0.504128 0.245872 0.25
0.841889 0.158111 0
0.0262865 0.689566 0.284147
0.428829 0.182089 0.389083
2.73092e-11 0.304617 0.695383
0.75 1.18119e-09 0.25
0.420515 0.077178 0.502307
0.601215 0.0840011 0.314784
0.295681 0.306928 0.397391
0.202823 0.363426 0.433751
0.433218 0.300995 0.265787
0.340551 0.230369 0.429081
0.380312 0.369688 0.25
0.523711 0.476289 0
0.170684 0.205718 0.623598
0.202383 0.797617 0
0.0626361 0.202272 0.735092
2.6204e-12 0.41294 0.58706
0.603512 0.396488 0
0.266505 0.483495 0.25
0.310298 0.416818 0.272884
0.76267 0.23733 0
0.121507 0.878493 0
0.157249 0.455992 0.386759
0.34176 0.337018 0.321222
0.386897 0.0289753 0.584127
0.40365 0.59635 0
0.0810313 0.918969 0
0.0767144 0.606336 0.31695
0.649183 2.94697e-10 0.350817
0.688067 0.0360731 0.275859
0.0803022 0.372289 0.547408
0.56362 0.43638 0
0.250443 0.279063 0.470494
0.802309 0.197691 0
0.0981766 0.120548 0.781275
0.118035 0.412299 0.469666
0.226933 0.441589 0.331478
0.0117667 0.164719 0.823514
0.455919 1.39062e-09 0.544081
0.195743 0.5148 0.289457
0.555622 1.72897e-10 0.444378
0.026429 0.0333637 0.940207
0.163932 0.326821 0.509247
0.122256 0.290707 0.587037
0.0315376 0.340261 0.628201
0.566167 0.175172 0.258661
0.218084 0.120536 0.66138
0.639049 0.110951 0.25
0.88142 0.11858 0
0.497973 0.031308 0.470719
0.340916 0.116849 0.542235
0.257319 0.380554 0.362127
0.168737 0.581263 0.25
0.282979 0.717021 0
0.520832 0.13392 0.345248
0.200204 2.11119e-11 0.799796
0.254885 0.162203 0.582913
0.302777 0.0822394 0.614984
0.271059 0.0431537 0.685787
5.02511e-10 0.233939 0.766061
2.24965e-10 0.527638 0.472362
0.208922 0.244229 0.546849
0.363472 0.636528 0
0.0405112 0.959489 0
0.0861971 0.252081 0.661722
0.0244185 0.574028 0.401554
0.138064 0.161862 0.700073
0.259393 2.76447e-08 0.740607
0.178143 0.0775126 0.744344
0.0991739 0.650826 0.25
0.483728 0.516272 0
0.0264981 0.457287 0.516214
