1 9.5293e-11 0
0.131971 0.0779294 0.790099
0.321898 0.328061 0.350042
2.56546e-11 0.75 0.25
0.16851 0.299385 0.532105
0.806883 0.193117 0
0.280575 5.65535e-09 0.719425
0.589059 1.82667e-09 0.410941
0.499755 0.500245 0
1.09192e-09 0.396442 0.603558
2.21818e-11 2.86016e-11 1
0.0649685 0.295475 0.639556
0.922645 0.0773552 0
0.57635 0.42365 0
0.0804749 0.1652 0.754325
0.403351 0.0193941 0.577255
0.346472 0.653528 0
0.691015 6.82472e-10 0.308985
0.0235109 0.686613 0.289876
0.0600223 0.109992 0.829986
0.0626255 1.2623e-09 0.937375
0.398815 0.279432 0.321753
0.15432 0.84568 0
0.11579 0.88421 0
3.72288e-17 1 0
0.440052 0.198736 0.361212
0.423151 0.576849 0
0.359856 0.23888 0.401264
1.21145e-17 0.325407 0.674593
0.162364 0.122087 0.715549
0.117734 0.386734 0.495532
0.0744282 0.469276 0.456296
0.398911 0.154992 0.446097
0.202616 0.3369 0.460484
0.000705443 0.0767508 0.922544
0.316464 0.0647543 0.618781
0.170753 3.44175e-09 0.829247
0.365207 0.36989 0.264904
0.653109 0.346891 0
0.358153 0.107144 0.534703
0.76839 0.23161 0
0.192793 0.807207 0
0.252131 0.246879 0.50099
0.614694 0.385306 0
0.025157 0.254718 0.720125
0.75 7.40728e-10 0.25
0.667594 0.0824057 0.25
0.212581 0.0300153 0.757403
0.192363 0.169396 0.638242
1.76289e-10 0.508449 0.491551
0.520335 0.0246643 0.455
0.26967 0.73033 0
0.231252 0.768748 0
0.323212 0.191071 0.485717
0.88401 0.11599 0
7.32684e-12 0.214196 0.785804
0.0276996 0.435484 0.536816
0.274606 0.410812 0.314582
0.628339 0.0341441 0.337517
0.473801 8.27829e-10 0.526199
0.352534 5.55532e-09 0.647466
0.0772153 0.922785 0
0.384812 0.615188 0
0.194699 0.463992 0.341309
0.3081 0.6919 0
0.538031 0.461969 0
0.23848 0.505593 0.255928
0.0975591 0.0290348 0.873406
0.0987864 0.651214 0.25
0.555536 0.194464 0.25
0.0854171 0.34615 0.568433
0.110011 0.210007 0.679982
0.106348 0.510415 0.383237
0.477473 0.11335 0.409177
0.435536 0.314464 0.25
0.461461 0.538539 0
0.241284 0.0870226 0.671694
0.172197 0.577803 0.25
0.729936 0.270064 0
0.691543 0.308457 0
0.516157 0.157942 0.325901
5.71293e-10 0.145369 0.854631
0.157069 0.424129 0.418802
0.0386427 0.961357 0
0.238835 0.374162 0.387003
0.309616 0.440384 0.25
0.145128 0.545163 0.309709
0.553419 0.0795294 0.367051
0.277565 0.140843 0.581592
0.484956 0.243999 0.271046
0.223049 0.21328 0.563671
0.0709033 0.59612 0.332977
0.845444 0.154556 0
0.0172735 0.5616 0.421127
0.285001 0.286087 0.428913
0.435877 0.0744396 0.489684
0.599449 0.12247 0.278081
2.49429e-09 0.634687 0.365313
0.141522 0.254483 0.603996
0.961294 0.0387056 0
