0.201146 0.133095 0.66576
2.09153e-13 0.227663 0.772337
1 2.47882e-11 0
0.413755 0.336245 0.25
0.218245 0.365895 0.41586
0.75 4.49315e-11 0.25
1.24187e-09 0.107908 0.892092
0.102367 4.78153e-11 0.897633
0.173086 0.086682 0.740232
2.17562e-11 6.73254e-12 1
0.881904 0.118096 0
0.297343 0.0835674 0.619089
0.109195 0.640805 0.25
0.161629 0.572375 0.265996
1.28885e-11 0.471511 0.528489
1.73555e-11 1 0
0.249096 0.0584613 0.692443
0.723604 0.276396 0
0.232313 0.517687 0.25
0.116187 0.533151 0.350662
0.404348 0.595652 0
0.587948 0.162052 0.25
5.67361e-11 0.75 0.25
0.170276 0.44666 0.383064
0.280927 3.17073e-11 0.719073
0.0812557 0.918744 0
0.121839 0.878161 0
0.0795105 0.188491 0.731999
0.496638 0.031858 0.471504
0.34306 0.37651 0.28043
0.64418 0.35582 0
0.210686 4.37181e-11 0.789314
0.175097 0.199532 0.625372
0.142469 0.277885 0.579646
0.364186 0.635814 0
0.25653 0.161779 0.581691
0.558184 0.132856 0.30896
0.52452 0.47548 0
0.027868 0.0333981 0.938734
0.29811 0.203156 0.498735
0.484458 0.515542 0
0.604341 0.395659 0
0.564498 0.435502 0
1.60708e-12 0.65461 0.34539
0.457373 2.24629e-10 0.542627
0.0193382 0.16023 0.820432
0.453425 0.125299 0.421276
0.68391 0.31609 0
0.602717 0.0618821 0.3354
0.960649 0.0393506 0
0.84238 0.15762 0
0.138428 0.402612 0.45896
0.487108 0.176162 0.33673
0.763246 0.236754 0
0.564699 2.63769e-10 0.435301
0.0169997 0.526582 0.456418
0.0207743 0.274872 0.704354
0.45293 0.263661 0.283409
0.0984671 0.359903 0.54163
0.518361 0.231639 0.25
0.10698 0.228157 0.664863
0.444409 0.555591 0
0.0651407 0.437614 0.497245
0.323948 0.676052 0
0.0713141 0.604393 0.324293
0.414088 0.212269 0.373642
0.283639 0.716361 0
0.14599 0.0285205 0.82549
0.037304 0.6892 0.273496
0.802834 0.197166 0
0.179079 0.322536 0.498385
0.657567 0.0924333 0.25
0.416969 0.0821215 0.50091
0.106881 0.120084 0.773035
0.351089 9.91692e-10 0.648911
9.61775e-10 0.344852 0.655148
1.44425e-12 0.588285 0.411715
0.0406442 0.959356 0
0.689248 0.0200025 0.29075
0.202847 0.797153 0
0.258561 0.285435 0.456004
0.339009 0.120241 0.54075
0.0687656 0.311238 0.619997
0.20272 0.485308 0.311972
0.385638 0.0321228 0.582239
0.526279 0.0856129 0.388108
0.636791 2.97442e-10 0.363209
0.376331 0.165916 0.457752
0.162394 0.837606 0
0.243211 0.756789 0
0.0703331 0.0770682 0.852599
0.25747 0.408795 0.333735
0.219345 0.241155 0.5395
0.921308 0.0786922 0
0.0890846 0.490148 0.420768
0.374906 0.293437 0.331657
0.013101 0.401141 0.585758
0.304729 0.445271 0.25
0.298529 0.330748 0.370723
0.336321 0.248417 0.415261
