0.771528 0.228472 0
1 3.28562e-10 0
1.11129e-12 5.52057e-12 1
0.349131 0.650869 0
5.84305e-10 0.289297 0.710703
0.656869 0.343131 0
0.176689 0.448144 0.375166
0.588182 1.79067e-09 0.411818
0.0389209 0.961079 0
0.307711 0.442289 0.25
0.618556 0.381444 0
0.75 1.4508e-10 0.25
8.14534e-12 0.468711 0.531289
0.0767331 0.251582 0.671685
0.1175 0.294345 0.588155
0.0909605 2.98861e-11 0.90904
0.598047 0.118326 0.283627
0.271797 0.728203 0
0.0294053 0.332311 0.638284
0.426362 0.573638 0
3.91765e-10 0.75 0.25
0.809643 0.190357 0
0.103009 0.646991 0.25
0.151969 0.573379 0.274652
0.229868 0.479917 0.290215
0.0749364 0.603305 0.321759
9.36632e-12 0.538974 0.461026
0.253046 7.17489e-10 0.746954
0.847806 0.152194 0
0.116665 0.883335 0
1.73782e-11 1 0
0.448819 0.0235084 0.527673
0.223411 0.0675045 0.709085
0.418184 0.331816 0.25
0.337921 0.254109 0.40797
0.15573 0.217067 0.627203
0.541826 0.458174 0
0.503408 0.496592 0
0.695112 0.304888 0
0.490381 0.259619 0.25
0.440064 0.167848 0.392088
0.166827 0.332851 0.500322
0.270923 0.115961 0.613116
0.513052 0.150025 0.336923
0.667935 0.0820646 0.25
0.733351 0.266649 0
0.387355 0.278512 0.334133
0.155498 0.844502 0
0.189726 0.141858 0.668416
0.109391 0.173309 0.7173
0.134251 0.407904 0.457845
0.0873911 0.489397 0.423212
0.323501 0.149049 0.527449
0.285693 0.222068 0.49224
0.149675 0.0898157 0.760509
0.408974 0.110423 0.480603
0.183453 6.02756e-11 0.816547
2.1494e-10 0.10642 0.89358
0.38777 0.61223 0
0.40362 2.81636e-10 0.59638
0.349338 0.370214 0.280448
0.107545 0.047338 0.845117
0.302864 0.0526168 0.644519
2.48163e-10 0.64468 0.35532
0.624673 0.0348942 0.340433
0.36108 0.0753134 0.563607
0.689584 4.81175e-10 0.310416
0.233083 0.766917 0
0.542688 0.0841625 0.37315
0.328315 2.2909e-10 0.671685
3.52479e-10 0.174517 0.825483
0.0251604 0.040613 0.934227
0.0242538 0.218121 0.757625
0.519024 6.71842e-10 0.480976
0.058887 0.441732 0.499381
6.92445e-12 0.398457 0.601543
0.962005 0.0379945 0
0.46179 0.226697 0.311512
0.201308 0.258947 0.539745
0.923985 0.0760151 0
0.0293622 0.689053 0.281585
0.251684 0.295483 0.452833
0.209936 0.540064 0.25
0.580201 0.419799 0
0.21608 0.369908 0.414012
0.0777932 0.922207 0
0.464905 0.535095 0
0.262876 0.405089 0.332035
0.127815 0.52397 0.348215
0.485904 0.0717396 0.442356
0.194307 0.805693 0
0.302432 0.330165 0.367403
0.310437 0.689563 0
0.562515 0.187485 0.25
0.0834567 0.36816 0.548383
0.237057 0.185482 0.577461
0.37062 0.188514 0.440866
0.885913 0.114087 0
0.032112 0.572302 0.395586
0.0702157 0.128638 0.801146
