1 9.01168e-13 0
0.75 5.18436e-10 0.25
0.0812293 0.918771 0
1.04083e-13 1 0
0.524321 0.475679 0
0.382027 0.367973 0.25
0.432247 0.295001 0.272752
0.200941 7.24127e-10 0.799059
0.283412 0.716588 0
1.28984e-13 1.11232e-11 1
0.281188 0.351899 0.366912
0.0406175 0.959383 0
0.158557 0.0929767 0.748466
0.0613411 0.0829506 0.855708
0.0253154 0.0352333 0.939451
0.272534 0.105404 0.622062
0.463535 0.0785346 0.457931
0.310455 0.152233 0.537311
0.134894 0.0361439 0.828962
0.162206 0.837794 0
0.88172 0.11828 0
2.49862e-09 0.53352 0.46648
0.484278 0.515722 0
0.159207 0.455626 0.385167
0.389122 0.113351 0.497527
0.387262 1.70508e-10 0.612738
0.622121 0.0944938 0.283385
0.152406 0.224079 0.623516
0.72346 0.27654 0
0.404024 0.595976 0
5.59624e-10 0.75 0.25
0.118717 0.534792 0.34649
0.388914 0.246338 0.364748
0.0737211 0.261286 0.664993
0.232136 0.186791 0.581073
0.0992392 2.88369e-10 0.900761
0.842165 0.157835 0
0.350889 0.32854 0.320571
0.314087 0.275823 0.41009
0.235602 0.308536 0.455863
0.689405 0.0605946 0.25
0.025398 0.225105 0.749497
0.272199 0.231263 0.496538
3.07263e-14 0.296791 0.703209
0.608818 4.20844e-10 0.391182
0.0200335 0.347427 0.63254
0.350576 0.196407 0.453017
0.0735456 0.381154 0.5453
8.55456e-10 0.182662 0.817338
0.202691 0.797309 0
0.0818055 0.134586 0.783609
0.104908 0.645092 0.25
0.243072 0.756928 0
0.500134 1.80232e-09 0.499866
0.192054 0.266685 0.541261
0.231875 0.0656414 0.702484
0.643942 0.356058 0
0.309924 0.435721 0.254355
0.425669 0.1612 0.413131
0.241016 0.508984 0.25
0.0768244 0.496896 0.42628
0.564245 0.435755 0
8.14207e-11 0.109119 0.890881
0.121785 0.878215 0
0.250409 0.416601 0.33299
0.76314 0.23686 0
0.0311364 0.689868 0.278995
0.500373 0.249627 0.25
0.671562 0.00276542 0.325673
0.022907 0.464798 0.512295
0.112258 0.180853 0.706889
0.444173 0.555827 0
0.802697 0.197303 0
0.0767894 0.60614 0.317071
0.541742 0.0277444 0.430514
0.154281 0.343799 0.50192
6.70098e-14 0.64726 0.35274
0.349488 0.073614 0.576898
0.960598 0.0394023 0
0.108972 0.305012 0.586016
0.20158 0.487489 0.310931
0.167946 0.574959 0.257095
0.323659 0.676341 0
0.363893 0.636107 0
0.0248752 0.577762 0.397363
0.317931 0.0200488 0.66202
0.57631 0.0730751 0.350615
0.19813 0.383202 0.418668
0.191725 0.144232 0.664043
0.535217 0.172709 0.292075
0.461824 0.207112 0.331064
0.270002 7.25514e-09 0.729998
0.68372 0.31628 0
0.502881 0.119879 0.37724
0.594827 0.155173 0.25
0.604123 0.395877 0
0.11207 0.421521 0.466409
0.432096 0.0248491 0.543055
4.32008e-14 0.417285 0.582715
0.921177 0.0788225 0
