0.372327 0.627673 0
5.09421e-11 1 0
2.44671e-12 0.582406 0.417594
0.345807 8.80665e-10 0.654193
0.492889 0.257111 0.25
0.224897 0.234227 0.540876
0.106415 2.71007e-10 0.893585
9.33077e-13 0.222107 0.777893
3.15077e-12 0.75 0.25
1 1.12645e-10 0
0.56949 0.18051 0.25
1.16531e-10 7.61547e-11 1
0.0220346 0.153586 0.824379
0.483948 0.516052 0
0.595052 0.0758292 0.329119
0.376799 0.144985 0.478217
0.108145 0.237673 0.654182
0.779885 0.220115 0
0.638503 2.29139e-10 0.361497
0.632344 0.367656 0
0.26037 0.73963 0
0.96339 0.0366099 0
0.273229 0.151069 0.575702
0.171712 0.492916 0.335373
0.5211 0.4789 0
3.17109e-09 0.321717 0.678283
0.314638 0.435362 0.25
0.383989 0.032198 0.583813
0.314557 0.0810938 0.604349
0.706201 0.293799 0
0.254432 0.452337 0.293231
0.451494 2.16221e-08 0.548506
0.75 2.44804e-13 0.25
0.669252 0.330748 0
0.335005 0.664995 0
0.0550156 0.33104 0.613945
0.0332675 0.263747 0.702985
0.324113 0.35279 0.323097
0.297686 0.702314 0
0.458819 0.211696 0.329485
0.890054 0.109946 0
0.117289 0.572703 0.310009
0.0371361 0.962864 0
0.409588 0.590412 0
0.167637 0.385196 0.447167
0.558188 0.441812 0
0.0745034 0.0714006 0.854096
0.223091 0.776909 0
0.56493 0.0234935 0.411577
2.21651e-10 0.104539 0.895461
0.68617 0.028045 0.285785
0.446795 0.553205 0
0.189336 0.193537 0.617127
5.52078e-10 0.472745 0.527255
0.0742968 0.925703 0
0.539181 0.154308 0.306511
0.50751 0.114993 0.377497
0.230918 9.20285e-12 0.769082
0.0760597 0.1856 0.738341
0.0314105 0.0295206 0.939069
0.338762 0.230252 0.430986
0.112752 0.107206 0.780043
0.816622 0.183378 0
0.520211 2.07321e-11 0.479789
0.743051 0.256949 0
0.926738 0.0732624 0
0.420724 0.301816 0.27746
0.85338 0.14662 0
0.0341413 0.621721 0.344137
0.223351 0.407594 0.369055
0.64605 0.10395 0.25
0.160502 0.0169161 0.822581
0.30691 0.18418 0.50891
0.221819 0.528181 0.25
0.374317 0.267769 0.357913
0.111455 0.888545 0
0.0815151 0.53718 0.381305
0.423877 0.171551 0.404572
0.0746169 0.429365 0.496018
0.476369 0.072335 0.451296
0.259217 0.275747 0.465036
0.278564 0.323945 0.397491
0.185843 0.814157 0
0.19156 0.0727703 0.73567
1.43862e-11 0.687201 0.312799
0.403938 0.0847041 0.511358
0.104278 0.360029 0.535693
0.595288 0.404712 0
0.277999 0.0246793 0.697322
0.189987 0.318171 0.491842
0.000291217 0.406152 0.593557
0.148649 0.851351 0
0.150826 0.599174 0.25
0.381228 0.368772 0.25
0.151982 0.152244 0.695774
0.233927 0.109759 0.656314
0.0798079 0.670192 0.25
0.14331 0.280341 0.576349
0.0299362 0.510566 0.459498
0.124978 0.460322 0.4147
