0.0636508 0.142986 0.793364
0.854069 0.145931 0
2.77447e-10 0.75 0.25
0.279157 0.322935 0.397908
2.13841e-09 0.494742 0.505258
2.40359e-12 1.53742e-11 1
0.226093 0.304554 0.469353
0.0305512 0.533111 0.436338
0.143305 0.101267 0.755428
0.144038 0.352279 0.503683
0.492312 0.172448 0.33524
0.637665 0.112335 0.25
0.00318059 0.669555 0.327264
0.502627 0.0382432 0.45913
0.780894 0.219106 0
0.571787 0.140747 0.287466
0.96356 0.03644 0
0.329118 0.353814 0.317068
0.665261 1.49464e-09 0.334739
0.112677 0.887323 0
0.170951 0.403654 0.425395
0.103375 0.183916 0.71271
0.560044 0.439956 0
0.0353112 0.0277136 0.936975
0.0376017 0.962398 0
0.531768 0.0905292 0.377703
2.3253e-10 0.300046 0.699954
0.0710421 0.263302 0.665656
0.188047 0.264215 0.547737
0.337164 0.662836 0
0.0751736 0.924826 0
0.0810794 0.073074 0.845847
0.26252 0.73748 0
0.534774 0.215226 0.25
0.187688 0.812312 0
6.91567e-12 0.174228 0.825772
0.461463 0.252822 0.285715
0.448834 0.551166 0
0.473334 1.03588e-10 0.526666
0.42936 0.32064 0.25
0.358606 0.391394 0.25
0.597006 0.402994 0
0.176878 0.573122 0.25
0.40525 0.0313182 0.563432
0.202371 0.459952 0.337676
1.39769e-11 1 0
0.890628 0.109372 0
0.06357 0.68643 0.25
0.109159 1.56645e-12 0.890841
0.149892 0.22156 0.628548
0.370276 5.89583e-13 0.629724
0.75 1.68502e-09 0.25
0.249259 0.500741 0.25
0.152149 0.533734 0.314116
5.73329e-12 0.422976 0.577024
0.0177596 0.352413 0.629827
0.316313 0.140764 0.542924
0.0873812 0.444437 0.468181
4.67858e-10 0.603703 0.396297
0.32219 0.250476 0.427334
0.670788 0.329212 0
0.117253 0.490759 0.391988
0.245708 0.387286 0.367005
0.373912 0.284075 0.342013
0.338674 0.070679 0.590647
0.485951 0.514049 0
0.523031 0.476969 0
0.452727 0.128426 0.418847
0.158464 0.0259277 0.815608
0.411431 0.209746 0.378823
0.0654745 0.392476 0.54205
0.604106 0.0492506 0.346643
0.633981 0.366019 0
0.104739 0.308932 0.58633
0.927073 0.072927 0
0.305143 7.38785e-12 0.694857
0.187744 0.138141 0.674115
9.11788e-11 0.101567 0.898433
0.10497 0.621251 0.273779
0.216952 2.75791e-14 0.783048
0.411684 0.588316 0
0.288004 0.433326 0.27867
0.274006 0.220386 0.505608
0.574848 1.25804e-10 0.425152
0.232168 0.178926 0.588906
1 1.27232e-13 0
0.0152685 0.230102 0.754629
0.374448 0.625552 0
0.744269 0.255731 0
0.684365 0.0465788 0.269056
0.232779 0.0503821 0.716839
0.268214 0.0961005 0.635686
0.817539 0.182461 0
0.365345 0.171922 0.462733
0.414922 0.0905537 0.494525
0.150218 0.849782 0
0.299846 0.700154 0
0.22517 0.77483 0
0.707549 0.292451 0
0.0716972 0.576209 0.352093
