0.75 1.03532e-09 0.25
0.690665 0.026713 0.282622
0.801308 0.198692 0
0.381118 0.246336 0.372546
1 2.09609e-10 0
0.0758185 0.674182 0.25
0.080007 0.919993 0
0.220974 0.450453 0.328572
2.03945e-10 1 0
0.481379 0.518621 0
6.63904e-13 1.47655e-13 1
0.320607 0.679393 0
0.338728 0.331706 0.329566
0.880917 0.119083 0
1.75671e-11 0.75 0.25
0.115438 2.41967e-11 0.884562
0.224268 4.70085e-11 0.775732
0.304812 0.419089 0.276099
0.575077 1.87134e-13 0.424923
0.136661 0.491014 0.372325
0.441209 0.216682 0.342109
1.26098e-08 0.602848 0.397152
0.382521 0.0683468 0.549132
0.186349 0.531399 0.282251
0.257479 0.185658 0.556862
7.12338e-11 0.39393 0.60607
0.0442111 0.0192194 0.93657
0.18303 0.410037 0.406934
1.03189e-10 0.676426 0.323574
0.0729927 0.0771965 0.849811
0.0400046 0.959995 0
0.681634 0.318366 0
0.0383937 0.175109 0.786497
0.112462 0.123123 0.764416
0.607779 0.0628736 0.329348
0.537539 0.0930144 0.369446
0.195282 0.220439 0.584279
0.645469 2.12619e-13 0.354531
0.341584 0.031243 0.627173
0.280442 0.719558 0
3.14006e-11 0.503539 0.496461
0.173777 0.350363 0.47586
0.20016 0.79984 0
0.920656 0.0793442 0
0.0805194 0.210741 0.70874
0.185174 0.0863018 0.728524
0.422942 0.0980678 0.47899
0.641637 0.358363 0
0.505249 0.0446965 0.450055
1.62127e-11 0.249135 0.750865
0.256705 0.0456096 0.697686
0.360805 0.639195 0
0.237383 0.315564 0.447053
0.040351 0.536148 0.423501
0.33498 0.147478 0.517542
0.160065 0.839935 0
0.651468 0.0985321 0.25
0.721543 0.278457 0
0.153263 0.171239 0.675498
7.53238e-12 0.321584 0.678416
0.31076 0.278453 0.410787
0.123546 0.254185 0.622268
0.240269 0.759731 0
0.506939 0.173867 0.319194
0.274744 0.237467 0.487789
0.561584 0.438416 0
0.0808868 0.343418 0.575695
0.960338 0.0396619 0
0.521499 0.478501 0
0.22522 0.132458 0.642322
0.761467 0.238533 0
0.601614 0.398386 0
0.315714 5.84203e-10 0.684286
0.264841 0.368958 0.3662
0.544033 0.205967 0.25
0.414039 0.30356 0.2824
0.400993 0.599007 0
0.111409 0.38934 0.499251
0.151575 0.598425 0.25
0.15507 0.0313832 0.813547
0.373786 0.376214 0.25
2.38906e-13 0.0904474 0.909553
0.48113 1.56616e-13 0.51887
0.0965988 0.563815 0.339586
0.583464 0.139382 0.277153
0.44121 0.55879 0
0.162771 0.294365 0.542863
0.297529 0.103572 0.598899
0.477862 0.272138 0.25
2.1304e-08 0.15593 0.84407
0.0878508 0.459945 0.452204
0.259429 0.490571 0.25
0.458413 0.137281 0.404306
0.0283503 0.433988 0.537662
0.0558054 0.291151 0.653044
0.120039 0.879961 0
0.841149 0.158851 0
0.413988 1.3476e-13 0.586012
0.36641 0.18845 0.44514
0.0594711 0.632673 0.307856
