0.75 1.20322e-10 0.25
3.51043e-11 1.59336e-11 1
0.960551 0.0394494 0
0.267649 0.452842 0.279509
0.164787 4.94012e-10 0.835213
0.0255364 0.230005 0.744459
0.921079 0.078921 0
0.603333 0.396667 0
1 9.56457e-13 0
0.403453 0.596547 0
0.0325717 0.689015 0.278413
0.163357 0.101912 0.734731
1.47524e-15 0.0899656 0.910034
9.96775e-14 0.299653 0.700347
0.523506 0.476494 0
1.28258e-10 1 0
0.0405197 0.95948 0
0.483515 0.516485 0
0.238296 0.293002 0.468702
0.0367595 0.0265665 0.936674
0.163173 0.446824 0.390003
0.290545 0.381448 0.328007
0.160652 0.218185 0.621163
0.563438 0.436562 0
0.841818 0.158182 0
0.0242376 0.344846 0.630916
0.456021 7.3159e-11 0.543979
0.446905 0.303095 0.25
0.200112 0.3788 0.421088
0.443522 0.556478 0
0.246903 0.170882 0.582216
0.683032 0.316968 0
0.722846 0.277154 0
0.383264 0.0318488 0.584887
1.05163e-11 0.75 0.25
0.107695 0.642305 0.25
0.208674 0.0204466 0.770879
0.202255 0.797745 0
0.494503 0.162254 0.343244
2.61024e-12 0.186156 0.813844
0.640077 1.02687e-10 0.359923
0.319104 0.250284 0.430613
0.0809905 0.919009 0
0.114344 0.415532 0.470125
0.689073 0.0252033 0.285724
0.40225 0.203744 0.394005
0.36336 0.63664 0
0.100153 8.84773e-12 0.899847
0.348507 5.59107e-11 0.651493
0.336568 0.413432 0.25
0.0747831 0.604107 0.32111
0.118616 0.068741 0.812643
0.158702 0.33637 0.504928
0.0243524 0.46006 0.515588
0.413823 0.0811134 0.505064
0.379577 0.344321 0.276102
0.367117 0.164472 0.468411
0.200305 0.254232 0.545463
0.267943 0.338472 0.393586
0.347604 0.295782 0.356614
0.161881 0.838119 0
0.242589 0.757411 0
2.80029e-15 0.414585 0.585415
0.20392 0.139276 0.656804
0.0794966 0.147293 0.77321
0.228046 0.521954 0.25
0.0392767 0.110001 0.850722
0.278493 6.21255e-13 0.721507
0.420987 0.252194 0.326819
0.0761812 0.376498 0.547321
0.332463 0.122607 0.54493
0.197224 0.477942 0.324833
0.497369 0.0303442 0.472287
0.282914 0.717086 0
0.802182 0.197818 0
0.650576 0.099424 0.25
1.76061e-13 0.529278 0.470722
0.323173 0.676827 0
0.604617 0.0614919 0.333891
0.550481 0.199519 0.25
0.0771427 0.26093 0.661927
0.284449 0.208561 0.506991
0.566153 9.08273e-11 0.433847
0.121462 0.878538 0
0.160446 0.570316 0.269238
9.06422e-12 0.646438 0.353562
0.29519 0.0868701 0.61794
0.452281 0.120553 0.427167
0.24734 0.0638101 0.68885
0.577573 0.134661 0.287766
0.881438 0.118562 0
0.643201 0.356799 0
0.114983 0.299449 0.585569
0.115451 0.529738 0.354811
0.117368 0.183481 0.699151
0.0225239 0.575396 0.40208
0.762553 0.237447 0
0.0774695 0.491392 0.431139
0.486096 0.233513 0.280391
0.531265 0.0842964 0.384438
