0.361287 0.12487 0.513844
2.42058e-09 0.239074 0.760926
0.282972 0.717028 0
0.0600556 0.283199 0.656746
0.070614 0.929386 0
5.95219e-12 0.132652 0.867348
0.75 8.15093e-10 0.25
0.516568 0.0299553 0.453477
2.50099e-10 1 0
1.83291e-11 3.20742e-11 1
0.498849 0.222451 0.278701
3.18123e-10 0.451425 0.548575
1 6.63729e-11 0
0.430902 0.225854 0.343244
0.357722 0.265249 0.37703
0.165618 0.164547 0.669834
0.205813 0.346023 0.448163
0.43557 0.0830909 0.481339
0.291183 0.027328 0.681489
1.56534e-08 0.523963 0.476037
0.0818478 0.668152 0.25
0.690408 6.39522e-10 0.309592
0.603656 0.396344 0
4.31598e-09 0.677125 0.322875
0.598159 0.115914 0.285927
0.242961 0.394917 0.362122
0.323438 0.0815697 0.594992
0.0675119 9.66323e-08 0.932488
0.131101 0.385073 0.483826
0.396369 0.174617 0.429014
0.0133913 0.0674242 0.919185
0.166928 0.297953 0.53512
0.105959 0.894041 0
0.927658 0.0723417 0
1.34696e-11 0.600537 0.399463
0.509212 0.156733 0.334055
3.3653e-11 0.75 0.25
0.287428 0.440668 0.271904
0.123621 0.120546 0.755833
0.585975 3.16822e-09 0.414025
0.0884434 0.338375 0.573182
0.357631 0.392369 0.25
0.135079 2.01102e-09 0.864921
0.891511 0.108489 0
0.353907 0.646093 0
0.0834458 0.0811382 0.835416
0.141341 0.858659 0
0.46156 0.28844 0.25
0.0344188 0.168183 0.797398
0.0727066 0.61815 0.309144
0.396322 0.317506 0.286172
0.460601 0.539399 0
0.0570889 0.561001 0.38191
0.201868 0.48045 0.317682
0.0865622 0.478282 0.435156
0.173172 0.0301991 0.796629
0.212118 0.787882 0
0.675435 0.324565 0
0.236872 0.513128 0.25
0.389418 0.610582 0
0.246592 0.12078 0.632629
0.176722 0.823278 0
0.129683 0.527423 0.342894
0.207277 0.208829 0.583893
1.31315e-09 0.312388 0.687612
0.424988 0.575012 0
0.060535 0.422377 0.517088
0.963827 0.0361732 0
0.747346 0.252654 0
0.711409 0.288591 0
0.855394 0.144606 0
0.362287 7.95491e-10 0.637713
0.0353117 0.964688 0
0.246529 1.63629e-11 0.753471
0.475365 3.52887e-09 0.524635
0.549649 0.0796665 0.370684
0.405251 0.0290255 0.565724
0.627362 0.0313112 0.341327
0.28128 0.304738 0.413982
0.131474 0.248421 0.620105
0.566565 0.183435 0.25
0.567846 0.432154 0
0.783342 0.216658 0
0.496308 0.503692 0
0.205862 0.0808634 0.713275
0.247535 0.752465 0
0.0848131 0.203965 0.711222
0.320886 0.215881 0.463234
0.819367 0.180633 0
0.6684 0.0815999 0.25
0.283816 0.168807 0.547378
0.243828 0.257301 0.498871
0.00484202 0.379886 0.615272
0.639564 0.360436 0
0.318442 0.681558 0
0.471139 0.124581 0.40428
0.163692 0.586308 0.25
0.318263 0.351393 0.330344
0.532107 0.467893 0
0.164128 0.435872 0.400001
