1.71594e-09 0.75 0.25
1.37224e-13 0.420839 0.579161
9.68917e-11 1 0
0.0581689 0.113121 0.82871
1 2.7336e-10 0
0.0825389 0.166771 0.75069
0.121795 0.878205 0
0.0727321 0.486343 0.440925
4.91836e-11 2.33074e-10 1
0.0708987 0.605136 0.323965
0.75 6.7056e-11 0.25
0.528503 8.84797e-11 0.471497
0.684098 0.315902 0
0.282947 0.129596 0.587456
6.84573e-12 0.525341 0.474659
0.453759 0.282704 0.263537
0.325112 0.408061 0.266827
0.411022 0.116716 0.472262
0.605308 0.0737339 0.320958
0.0287839 0.689586 0.28163
0.175771 0.368458 0.455771
0.564579 0.435421 0
0.120151 0.206801 0.673049
0.0414602 0.360189 0.598351
0.449095 0.156937 0.393968
0.215105 0.534895 0.25
0.131765 0.0809518 0.787284
0.960712 0.0392876 0
0.348785 2.16954e-11 0.651215
0.604452 0.395548 0
1.07341e-11 0.644147 0.355853
0.723795 0.276205 0
0.0266364 0.452709 0.520654
0.165602 0.122613 0.711785
0.366459 0.318251 0.31529
0.0829792 0.284493 0.632528
0.319371 0.0573391 0.62329
0.145596 0.447135 0.407269
1.07976e-12 0.214742 0.785258
0.0811798 0.91882 0
0.287195 0.245227 0.467578
0.575133 0.0221284 0.402739
0.291094 0.370223 0.338684
0.491171 0.0766704 0.432159
4.22915e-12 0.324545 0.675455
0.802969 0.197031 0
0.277603 7.11981e-12 0.722397
0.397017 0.352983 0.25
0.163826 0.247066 0.589108
0.53196 0.113537 0.354502
0.645459 0.104541 0.25
0.108637 0.52977 0.361594
0.369196 0.200887 0.429917
0.524642 0.475358 0
0.763405 0.236595 0
0.279999 0.470001 0.25
0.575161 0.158441 0.266397
0.522674 0.227326 0.25
0.842514 0.157486 0
0.370375 0.0817695 0.547855
0.645497 2.81389e-11 0.354503
0.444596 0.555404 0
0.0406205 0.95938 0
0.644314 0.355686 0
0.689605 0.030242 0.280153
0.419952 7.03066e-11 0.580048
0.404438 0.595562 0
0.251036 0.328503 0.420461
0.222761 0.414275 0.362963
0.323967 0.676033 0
0.000308257 0.0674062 0.932286
0.171302 1.29711e-12 0.828698
0.244468 0.207729 0.547803
0.457651 0.0290092 0.51334
0.0199976 0.573313 0.406689
0.149945 0.575877 0.274178
0.188471 0.489424 0.322105
0.921378 0.0786223 0
0.102899 0.647101 0.25
0.327766 0.163577 0.508657
0.243207 0.756793 0
0.881962 0.118038 0
0.0955684 0.0373801 0.867052
0.126075 0.327252 0.546673
0.074019 1.23919e-11 0.925981
0.364238 0.635762 0
0.0302519 0.253495 0.716253
0.28363 0.71637 0
1.83864e-12 0.141097 0.858903
0.0993473 0.403416 0.497236
0.488351 0.193296 0.318353
0.328261 0.282755 0.388984
0.16231 0.83769 0
0.410628 0.240026 0.349346
0.206805 0.288338 0.504857
0.202817 0.797183 0
0.243061 0.0837841 0.673155
0.210844 0.03155 0.757606
0.202665 0.166526 0.630808
0.484609 0.515391 0
