2.83745e-07 0.0651311 0.934869
0.560913 0.184428 0.254659
0.733352 0.266648 0
1 1.77e-10 0
0.695103 0.304897 0
0.355565 0.394435 0.25
1.67222e-11 1 0
1.14169e-09 0.646504 0.353496
0.421718 0.322583 0.255699
0.348068 0.114104 0.537827
0.0776375 0.601038 0.321325
0.513168 0.0194603 0.467372
1.02761e-11 7.65753e-12 1
0.634128 0.115872 0.25
0.34787 3.76766e-12 0.65213
1.59802e-12 0.13032 0.86968
1.32446e-09 0.75 0.25
0.348784 0.651216 0
0.962011 0.0379892 0
0.461791 0.22681 0.311399
0.19247 0.479151 0.328379
0.75 7.8581e-10 0.25
0.0261652 0.574756 0.399079
0.173833 0.334303 0.491864
0.116225 0.883775 0
0.924038 0.0759623 0
0.393567 0.0239624 0.582471
0.303491 0.200533 0.495976
0.0855897 0.492569 0.421841
0.108815 0.641185 0.25
0.0649176 0.332199 0.602883
0.493628 0.256372 0.25
0.46463 0.53537 0
0.150681 0.162345 0.686973
1.48303e-11 0.360549 0.639451
0.771554 0.228446 0
0.208389 0.375948 0.415663
0.193602 0.0793313 0.727067
0.0335732 0.688113 0.278314
0.4633 3.03047e-09 0.5367
3.81587e-14 0.533282 0.466718
0.103403 0.249147 0.64745
0.163543 0.0305175 0.805939
0.231375 0.117188 0.651436
0.155012 0.844988 0
0.0387254 0.961275 0
0.0650728 0.0127569 0.92217
0.309134 0.0771121 0.613754
0.31013 0.68987 0
0.656795 0.343205 0
0.185227 0.20449 0.610283
0.122198 0.521704 0.356098
0.847922 0.152078 0
0.42604 0.57396 0
0.541601 0.458399 0
0.073308 0.202976 0.723716
0.0270117 0.16879 0.804198
7.00473e-11 0.240031 0.759969
0.141351 0.290618 0.56803
0.886004 0.113996 0
8.90135e-11 0.431213 0.568787
0.128067 6.62608e-11 0.871933
0.0774741 0.922526 0
0.470895 0.107938 0.421168
0.32627 0.359983 0.313748
0.0780348 0.0803311 0.841634
0.583215 1.03229e-10 0.416785
0.234751 2.54252e-12 0.765249
0.133542 0.422557 0.443901
0.241398 0.410101 0.348501
0.113266 0.119862 0.766872
0.551353 0.0655491 0.383098
0.292561 0.323275 0.384164
0.22121 0.246177 0.532614
0.34122 0.240026 0.418754
0.809798 0.190202 0
0.232589 0.767411 0
0.0373219 0.462452 0.500226
0.380602 0.279022 0.340376
0.654321 1.24222e-13 0.345679
0.503161 0.496839 0
0.385377 0.155502 0.459121
0.0182998 0.291131 0.69057
0.284284 0.450036 0.26568
0.618456 0.381544 0
0.162736 0.569009 0.268255
0.0915996 0.381054 0.527346
0.231364 0.518636 0.25
0.512866 0.147644 0.33949
0.580078 0.419922 0
0.25611 0.286664 0.457226
0.687115 0.0416218 0.271263
0.1938 0.8062 0
0.596992 0.0888253 0.314182
0.427043 0.0745905 0.498367
0.266039 0.160917 0.573044
0.277739 0.0260669 0.696194
0.271368 0.728632 0
0.38745 0.61255 0
0.424991 0.19135 0.38366
