0.252921 0.436737 0.310342
0.415162 0.13622 0.448618
2.73744e-12 5.28616e-13 1
0.396071 0.0337637 0.570165
0.346042 0.282624 0.371334
0.0817998 0.537623 0.380577
4.72175e-09 0.75 0.25
0.756857 0.243143 0
0.0329836 0.511315 0.455702
0.036109 0.271839 0.692052
0.75 2.35042e-11 0.25
0.648712 8.20958e-11 0.351288
0.395707 0.604293 0
0.676157 0.323843 0
0.918818 0.0811822 0
0.716463 0.283537 0
0.325377 0.193348 0.481275
2.75643e-12 0.409212 0.590788
0.281781 0.468219 0.25
0.219826 0.398439 0.381735
1.13763e-10 1 0
1.41057e-11 0.47895 0.52105
0.689592 0.03272 0.277688
1 1.83954e-10 0
0.0787626 0.921237 0
0.285618 0.153557 0.560825
0.23817 3.18983e-11 0.76183
0.0393362 0.960664 0
6.777e-13 0.167522 0.832478
0.118217 0.881783 0
0.0794269 0.670573 0.25
0.465787 0.0483056 0.485908
0.131016 0.344914 0.52407
0.236797 0.763203 0
0.837726 0.162274 0
0.43556 0.56444 0
0.555581 0.444419 0
0.0569453 0.141876 0.801179
0.515476 0.484524 0
0.0846365 0.189862 0.725501
0.643675 0.106325 0.25
0.319642 0.0759326 0.604425
0.211637 0.314273 0.47409
0.249611 0.236585 0.513804
0.503723 0.21691 0.279366
1.71878e-11 0.583602 0.416398
3.87492e-13 0.0957852 0.904215
0.0334927 0.622499 0.344009
0.390138 0.329346 0.280517
0.461669 0.288331 0.25
0.113395 1.12011e-11 0.886605
0.606236 0.0809445 0.312819
9.99611e-12 0.339412 0.660588
0.354999 2.72327e-11 0.645001
0.171588 0.38079 0.447622
0.164791 0.150995 0.684214
0.24468 0.109752 0.645568
0.278755 0.295643 0.425601
0.287091 0.0215632 0.691346
0.959361 0.0406388 0
0.422335 0.248969 0.328697
0.123834 0.230597 0.645569
0.371141 0.216247 0.412612
0.475478 0.524522 0
0.578323 0.0321673 0.389509
0.0851228 0.427747 0.48713
0.498833 0.088905 0.412262
6.11556e-10 0.239224 0.760776
0.53527 0.129733 0.334998
0.168838 0.269789 0.561373
0.211371 0.530787 0.257842
0.204012 0.0710615 0.724927
0.595707 0.404293 0
0.1154 0.573462 0.311138
0.635877 0.364123 0
0.353318 0.396682 0.25
0.453177 1.16357e-11 0.546823
0.878227 0.121773 0
0.17112 0.490039 0.338841
0.157701 0.842299 0
0.304138 0.358862 0.337001
0.542352 4.4999e-11 0.457648
0.197255 0.802745 0
0.316212 0.683788 0
0.457769 0.173317 0.368914
0.797323 0.202677 0
0.27647 0.72353 0
0.127035 0.45956 0.413405
0.571088 0.178912 0.25
0.0397713 0.0221776 0.938051
0.355971 0.644029 0
0.0577167 0.380581 0.561703
0.369548 0.108584 0.521868
0.0849361 0.306227 0.608837
0.206864 0.191835 0.601301
0.130329 0.102773 0.766897
0.168748 0.0159363 0.815316
0.0812621 0.0689924 0.849745
2.03294e-12 0.687741 0.312259
0.149895 0.600105 0.25
