0.289087 0.436428 0.274485
0.378512 0.621488 0
3.8922e-11 1 0
5.39605e-12 0.427477 0.572523
0.228458 0.0770309 0.694511
0.126565 0.873435 0
0.566068 0.07383 0.360102
0.75 3.08865e-11 0.25
1 6.00123e-11 0
0.224544 0.202 0.573456
0.0576806 3.779e-08 0.942319
0.0355211 0.688868 0.275611
0.248844 0.390555 0.360602
0.448086 0.080207 0.471708
2.18675e-15 0.192026 0.807974
0.876512 0.123488 0
0.917709 0.0822911 0
0.110208 0.639792 0.25
0.0245489 0.471667 0.503784
0.336682 0.663318 0
0.79407 0.20593 0
0.29879 0.16361 0.5376
1.35486e-12 6.91467e-12 1
0.752746 0.247254 0
1.36555e-14 0.539252 0.460748
0.0847561 0.034477 0.880767
0.258668 0.25053 0.490801
4.13543e-11 0.75 0.25
0.0196579 0.241746 0.738596
0.589435 1.82855e-09 0.410565
0.420361 0.579639 0
0.503833 0.496167 0
0.106878 0.198858 0.694265
0.599402 0.116744 0.283854
0.333357 0.20776 0.458883
0.486506 1.50924e-09 0.513494
0.324746 0.344695 0.330558
0.204274 0.476402 0.319323
0.0262433 0.121514 0.852243
0.558281 0.191719 0.25
0.15246 0.115088 0.732452
0.399424 0.290225 0.310351
0.418726 0.0283071 0.552967
0.658263 0.091737 0.25
0.210687 0.789313 0
0.168322 0.438711 0.392966
2.93242e-11 0.649593 0.350407
0.0712962 0.27587 0.652834
0.356766 0.393234 0.25
0.670017 0.329983 0
0.170628 0.568051 0.261321
0.219798 0.339315 0.440887
0.156529 9.39367e-12 0.843471
0.366845 0.251145 0.38201
0.835345 0.164655 0
0.0278443 0.578635 0.393521
0.446516 0.20739 0.346094
0.309598 0.0261796 0.664222
0.252749 0.747251 0
0.107027 0.318951 0.574022
0.24162 0.50838 0.25
0.652005 1.5492e-09 0.347995
2.1779e-10 0.0808992 0.919101
0.114255 0.425014 0.46073
0.11283 0.07962 0.80755
0.294724 0.705276 0
0.377883 2.90794e-11 0.622117
0.0422292 0.957771 0
0.0798837 0.497932 0.422185
1.40096e-11 0.310342 0.689658
0.409772 0.165063 0.425165
0.0795345 0.603201 0.317264
0.488837 0.249896 0.261267
0.124067 0.527645 0.348288
0.4871 0.117786 0.395114
0.520867 0.159133 0.32
0.374837 0.120206 0.504957
0.292461 0.297883 0.409656
0.545455 0.454545 0
0.711406 0.288594 0
0.339282 0.0788796 0.581838
0.186841 0.159244 0.653915
0.185948 0.284636 0.529416
0.148253 0.239508 0.612239
0.0844158 0.915584 0
0.525406 0.0313494 0.443244
0.58702 0.41298 0
0.429293 0.320707 0.25
0.628522 0.371478 0
0.26668 1.60041e-11 0.73332
0.0198368 0.359416 0.620747
0.197186 0.0267574 0.776057
0.0723395 0.391456 0.536205
0.0730334 0.157089 0.769877
0.686735 0.0284915 0.284773
0.462171 0.537829 0
0.168632 0.831368 0
0.265067 0.116776 0.618156
0.958837 0.0411628 0
0.152467 0.360507 0.487026
