0.370509 0.281166 0.348325
1.05547e-11 2.0288e-11 1
0.805073 0.194927 0
1.2082e-10 1 0
0.534259 0.465741 0
0.327555 0.23482 0.437625
0.0836262 0.176624 0.739749
0.302194 0.0428959 0.65491
0.22541 0.0928964 0.681693
1 1.99429e-11 0
0.523798 0.0791498 0.397052
0.0268981 0.327046 0.646056
0.594876 1.76964e-11 0.405124
0.328108 0.0988029 0.573089
2.37015e-10 0.284164 0.715836
0.75 5.18437e-10 0.25
0.426706 0.323294 0.25
2.02716e-10 0.576381 0.423619
0.766223 0.233777 0
0.688747 0.311253 0
0.3987 0.0703465 0.530953
0.689293 9.04876e-11 0.310707
0.438102 5.45896e-12 0.561898
0.174507 0.43329 0.392203
0.604211 0.145789 0.25
0.151344 0.135934 0.712722
0.483425 0.157626 0.358949
0.0903221 0.468429 0.441249
0.172951 5.14497e-12 0.827049
0.329019 0.356552 0.314429
0.0754841 0.674516 0.25
0.101832 3.92496e-13 0.898168
1.15951e-10 0.214863 0.785137
0.113717 0.886283 0
0.201305 0.0394687 0.759227
0.0650892 0.539024 0.395887
0.442316 0.114809 0.442875
0.370246 1.0397e-11 0.629754
0.0284644 0.0317492 0.939786
0.24714 0.27194 0.48092
0.0779054 0.0648637 0.857231
0.650033 0.349967 0
0.380641 0.619359 0
0.536781 8.17306e-11 0.463219
0.119369 0.0928151 0.787816
7.85163e-11 0.397869 0.602131
0.843949 0.156051 0
0.288237 0.315575 0.396188
0.227745 0.772255 0
6.03718e-11 0.687386 0.312614
0.0719964 0.244058 0.683945
6.25559e-10 0.75 0.25
0.0289619 0.146589 0.824449
7.2173e-12 0.105097 0.894903
0.167591 0.189927 0.642482
0.287401 0.187936 0.524663
0.125215 0.393512 0.481273
0.151677 0.848323 0
0.475722 0.0348529 0.489425
0.304061 0.695939 0
0.360616 0.389384 0.25
0.364374 0.152068 0.483557
0.0757386 0.924261 0
0.882882 0.117118 0
0.495801 0.504199 0
0.103023 0.581372 0.315604
0.251613 0.141669 0.606718
0.457401 0.542599 0
0.727426 0.272574 0
0.272779 4.27735e-11 0.727221
0.165384 0.312542 0.522074
0.572775 0.427225 0
0.0339172 0.436621 0.529462
0.921907 0.0780927 0
0.081921 0.355115 0.562964
0.208739 0.354545 0.436716
0.41899 0.58101 0
0.342324 0.657676 0
0.960952 0.0390477 0
0.119306 0.275173 0.60552
0.611425 0.388575 0
0.530469 0.18439 0.285141
0.145913 0.508031 0.346056
0.572797 0.108089 0.319114
0.0378385 0.962162 0
0.225156 0.477608 0.297236
0.20394 0.54606 0.25
0.294512 0.455488 0.25
0.406014 0.198645 0.395341
0.189696 0.810304 0
4.43142e-11 0.504557 0.495443
0.254228 0.39927 0.346503
0.139252 0.609827 0.250921
0.621625 0.0366917 0.341683
0.671259 0.0783412 0.250399
0.206003 0.229828 0.564168
0.508709 0.241291 0.25
0.265876 0.734124 0
0.0249834 0.623843 0.351173
0.445686 0.248479 0.305835
