0.34934 0.022301 0.628359
0.619496 0.380504 0
1 7.26796e-12 0
0.183516 0.566484 0.25
0.848319 0.151681 0
0.537044 0.122279 0.340677
0.0570837 0.140272 0.802644
0.039077 0.960923 0
0.117299 0.632701 0.25
0.75 7.47711e-11 0.25
0.886293 0.113707 0
2.34464e-13 0.180032 0.819968
4.47568e-09 0.665392 0.334608
0.657766 0.342234 0
0.962137 0.0378626 0
0.0803659 0.0750498 0.844584
0.25055 0.318528 0.430922
1.39392e-09 0.502408 0.497592
2.08086e-09 0.75 0.25
0.645181 0.104819 0.25
0.221192 0.155045 0.623763
0.00562174 0.327535 0.666843
0.21533 0.277806 0.506864
4.89188e-11 4.29682e-11 1
0.292225 0.353632 0.354143
0.53522 2.9812e-11 0.46478
0.275039 0.474961 0.25
0.0781297 0.92187 0
0.504439 0.495561 0
0.466073 0.0244143 0.509513
0.159745 0.362005 0.47825
0.606599 0.0790712 0.31433
0.109623 0.433033 0.457343
0.107942 9.92378e-13 0.892058
0.647544 4.70632e-12 0.352456
0.141698 0.196193 0.662109
0.924228 0.0757716 0
0.0634915 0.233322 0.703187
4.57033e-12 1 0
0.117112 0.882888 0
0.469537 0.280463 0.25
0.0326269 0.443879 0.523494
0.0926777 0.282481 0.624842
9.78328e-13 0.399457 0.600543
0.81028 0.18972 0
0.424456 0.238174 0.33737
0.419764 2.33811e-11 0.580236
0.340833 0.156217 0.50295
0.0346512 0.604691 0.360658
0.150685 0.479187 0.370128
0.311324 0.688676 0
0.176379 0.238996 0.584625
0.461541 0.160679 0.37778
0.149756 0.0673997 0.782845
0.695933 0.304067 0
0.298701 0.237732 0.463567
0.233803 0.766197 0
0.427341 0.572659 0
0.465903 0.534097 0
0.689823 0.0312279 0.278949
0.350067 0.649933 0
0.27259 0.72741 0
0.578302 0.0268121 0.394886
0.0494019 0.683978 0.26662
8.33179e-10 0.102345 0.897655
0.179907 4.3897e-11 0.820093
0.0344531 0.0288214 0.936725
0.10588 0.570827 0.323293
0.392008 0.313041 0.294951
0.505408 0.208529 0.286063
0.772177 0.227823 0
0.259681 0.195662 0.544657
0.194925 0.805075 0
0.197975 0.508994 0.293031
0.381843 0.075408 0.542749
0.734059 0.265941 0
0.133924 0.32251 0.543566
0.542812 0.457188 0
0.0678274 0.36569 0.566483
0.498648 0.0783656 0.422986
0.581191 0.418809 0
0.198045 0.398412 0.403543
0.317012 0.40187 0.281118
0.340442 0.277761 0.381796
0.232574 0.0186466 0.748779
0.30358 0.111393 0.585027
3.35697e-13 0.257807 0.742193
0.573461 0.176538 0.25
0.381382 0.19716 0.421458
0.0726526 0.51811 0.409237
7.39668e-13 0.568047 0.431953
0.301929 3.62834e-11 0.698071
0.237579 0.432634 0.329787
0.183744 0.110505 0.705751
0.099826 0.160113 0.740061
0.156039 0.843961 0
0.262711 0.074143 0.663146
0.388726 0.611274 0
0.375901 0.374099 0.25
0.422506 0.114172 0.463322
