4.43881e-11 0.34232 0.65768
2.57692e-11 4.141e-11 1
0.190263 0.0506687 0.759068
0.763271 0.236729 0
0.0648102 0.607506 0.327683
0.183045 0.308679 0.508275
0.279456 0.460027 0.260518
0.604347 0.395653 0
0.257434 0.403469 0.339097
0.224703 0.0946112 0.680686
1 6.41176e-12 0
0.723658 0.276342 0
0.0957076 0.107494 0.796798
0.148776 0.38953 0.461694
0.485178 0.264821 0.25
0.0295428 0.690165 0.280292
1.82046e-11 0.465427 0.534573
0.16237 0.83763 0
0.222036 0.225557 0.552407
0.102765 0.224093 0.673142
0.329101 0.357581 0.313318
7.81653e-11 1 0
0.0374374 0.0865699 0.875993
0.191982 0.433875 0.374142
0.684011 0.315989 0
0.0286289 0.509151 0.46222
0.575363 2.92221e-10 0.424637
0.21964 0.530359 0.25
1.0014e-09 0.75 0.25
0.173127 0.502045 0.324828
0.340483 0.103507 0.55601
0.459772 0.107111 0.433117
0.265007 2.48548e-10 0.734993
0.182814 0.181184 0.636002
0.0801147 5.27478e-09 0.919885
1.12665e-12 0.154448 0.845552
0.364143 0.635857 0
0.41833 0.0709074 0.510762
0.352319 0.397681 0.25
0.538459 0.194823 0.266717
0.881924 0.118076 0
0.384976 0.0180813 0.596942
1.31365e-12 0.222823 0.777177
0.223539 0.352236 0.424225
0.300327 0.186542 0.513131
0.103644 0.349561 0.546795
0.334552 2.63378e-09 0.665448
0.564464 0.435536 0
0.921331 0.0786692 0
0.260528 0.269078 0.470394
0.147364 0.579168 0.273468
0.842379 0.157621 0
0.33851 0.231355 0.430135
1.68528e-12 0.646333 0.353667
0.75 2.33714e-10 0.25
0.177167 9.5732e-10 0.822833
0.504964 0.0183965 0.47664
0.117393 0.0350827 0.847525
0.297852 0.0653667 0.636782
0.451677 0.231507 0.316816
0.0406374 0.959363 0
0.444441 0.555559 0
0.579034 0.104428 0.316539
0.297152 0.313869 0.388978
0.0171147 0.394868 0.588017
0.960688 0.0393115 0
0.283679 0.716321 0
0.606062 0.143938 0.25
0.686804 4.87531e-12 0.313196
0.114847 0.468456 0.416698
0.145575 0.137676 0.716749
0.37813 0.149156 0.472714
0.202849 0.797151 0
0.0892404 0.539475 0.371285
0.0660563 0.182573 0.751371
3.8742e-08 0.57515 0.424849
0.498089 0.151789 0.350122
0.0697195 0.305452 0.624828
7.66696e-12 0.0591275 0.940873
0.323968 0.676032 0
0.536359 0.0716953 0.391945
0.52454 0.47546 0
0.121817 0.878183 0
0.416794 0.189911 0.393295
0.404368 0.595632 0
0.415911 0.32456 0.259529
0.243318 0.756682 0
0.484537 0.515463 0
0.802827 0.197173 0
0.671285 0.0759038 0.252811
0.62241 0.0252867 0.352303
0.0181464 0.271938 0.709916
0.454351 4.77305e-11 0.545649
0.0724625 0.427463 0.500075
0.37645 0.276164 0.347386
0.260358 0.144126 0.595516
0.644249 0.355751 0
0.0812704 0.91873 0
0.102863 0.647137 0.25
0.145248 0.264685 0.590067
