0.2829 0.0848234 0.632276
0.586289 0.0229581 0.390753
0.921892 0.0781076 0
3.56419e-10 0.75 0.25
1 2.21945e-12 0
0.254898 0.0329451 0.712157
0.75 7.68524e-10 0.25
2.54445e-11 1.62e-11 1
0.506706 0.188395 0.304899
0.0824256 0.259268 0.658306
0.0767669 0.603862 0.319371
8.12129e-11 1 0
0.504193 0.0783658 0.417442
0.158813 0.33518 0.506007
0.390432 0.0812995 0.528268
0.0736296 0.0732182 0.853152
0.150377 0.0279378 0.821686
0.0415975 0.22555 0.732853
0.151431 0.848569 0
0.385611 0.203835 0.410554
0.61099 0.38901 0
0.463259 0.158871 0.37787
0.57227 0.42773 0
0.100047 0.124556 0.775398
0.688394 0.311606 0
0.271119 0.458864 0.270017
0.32412 1.31207e-10 0.67588
0.247929 0.176874 0.575196
0.0255703 0.576073 0.398357
2.36964e-12 0.647453 0.352547
0.418513 0.581487 0
0.189438 0.810562 0
0.034762 0.68876 0.276478
0.396333 0.332283 0.271384
0.106999 9.37999e-12 0.893001
0.113545 0.886455 0
0.8828 0.1172 0
0.456858 0.543142 0
0.235006 0.420695 0.344299
0.218282 8.62421e-11 0.781718
0.0331177 0.0278754 0.939007
0.0777074 0.378057 0.544236
0.431642 4.42303e-10 0.568358
4.42248e-09 0.41666 0.58334
0.165255 0.564304 0.270441
0.337585 0.170561 0.491854
0.265588 0.734412 0
0.472232 0.0284843 0.499284
0.205592 0.250589 0.543819
0.380238 0.619762 0
0.727152 0.272848 0
0.350832 0.287018 0.36215
0.116318 0.419268 0.464414
0.625806 0.124194 0.25
0.341979 0.658021 0
0.273459 0.329348 0.397194
0.0262559 0.149294 0.82445
0.197218 0.37526 0.427522
0.545961 0.204039 0.25
2.6214e-13 0.206941 0.793059
2.52821e-10 0.532002 0.467998
0.533757 0.466243 0
0.804934 0.195066 0
0.843798 0.156202 0
0.466068 0.283932 0.25
0.544905 0.117576 0.337519
0.16513 0.213064 0.621806
0.541258 2.92231e-11 0.458742
0.427557 0.243641 0.328803
0.424224 0.119907 0.455869
0.118713 0.297483 0.583804
0.960905 0.0390952 0
0.315473 0.126708 0.557819
0.657033 6.73261e-10 0.342967
0.345331 0.404669 0.25
0.126555 0.173499 0.699946
0.362214 0.0308029 0.606983
0.307239 0.242035 0.450726
0.649682 0.350318 0
0.208914 0.128743 0.662343
0.689332 0.0458942 0.264774
0.60843 0.0789513 0.312618
0.0378179 0.962182 0
1.28898e-13 0.101756 0.898244
0.495264 0.504736 0
0.765984 0.234016 0
0.31135 0.368304 0.320346
0.303766 0.696234 0
0.227516 0.772484 0
0.0270371 0.345238 0.627725
0.227837 0.522163 0.25
0.079376 0.494981 0.425643
0.164617 0.460213 0.37517
0.110784 0.639216 0.25
0.175557 0.0843539 0.740089
1.4387e-10 0.30274 0.69726
0.239144 0.284764 0.476091
0.0255141 0.462358 0.512128
0.0756679 0.924332 0
0.124162 0.530447 0.345391
