0.449304 0.550696 0
0.21156 0.371221 0.417219
0.374905 0.625095 0
2.99708e-12 0.75 0.25
8.8112e-13 4.25184e-10 1
1.13541e-12 0.306545 0.693455
0.0302462 0.0308392 0.938915
0.671029 0.328971 0
0.532587 0.217413 0.25
0.689306 0.029803 0.280891
0.63422 0.36578 0
0.75 9.69972e-10 0.25
0.337634 0.662366 0
0.167944 0.332601 0.499455
0.082073 0.488332 0.429595
0.781122 0.218878 0
0.744487 0.255513 0
0.0295398 0.456897 0.513563
0.333438 0.13283 0.533732
0.963608 0.0363916 0
0.37797 0.293107 0.328922
0.645135 1.21253e-11 0.354865
0.112901 0.887099 0
0.302805 0.447195 0.25
0.458051 0.12819 0.413759
0.0376734 0.962327 0
0.399956 2.16828e-11 0.600044
0.646118 0.103882 0.25
0.188022 0.811978 0
0.150947 0.0253858 0.823667
0.105198 5.62014e-12 0.894802
0.817716 0.182284 0
0.462586 0.261226 0.276188
0.573243 1.13167e-10 0.426757
0.292979 0.212203 0.494818
0.0699658 0.0763121 0.853722
0.220383 1.11568e-11 0.779617
0.224696 0.482218 0.293086
0.0323027 0.342718 0.624979
0.495602 0.174464 0.329934
0.420192 0.0864826 0.493325
0.328 1.75233e-11 0.672
0.560367 0.439633 0
2.56488e-12 0.641846 0.358154
0.171845 0.448761 0.379394
0.260105 0.0319532 0.707942
0.597349 0.402651 0
0.252748 0.168941 0.57831
0.0277961 0.688657 0.283547
0.12314 0.524351 0.352509
0.412148 0.587852 0
0.471946 9.31697e-11 0.528054
0.89074 0.10926 0
1.25308e-13 1 0
0.150494 0.849506 0
0.297932 0.332319 0.369749
0.503964 0.038127 0.457909
0.854262 0.145738 0
0.927197 0.0728026 0
0.086525 0.255172 0.658303
0.417152 0.332848 0.25
0.4186 0.213581 0.367818
0.209828 0.252081 0.538092
0.225575 0.774425 0
0.123733 0.4127 0.463567
1.65881e-12 0.415106 0.584894
0.216999 0.122425 0.660576
0.523388 0.476612 0
0.300332 0.699668 0
0.123944 0.294834 0.581222
0.2528 0.29247 0.45473
0.0825191 0.374495 0.542986
0.0628864 0.20357 0.733544
0.37707 0.170601 0.452329
0.0752919 0.924708 0
1.36435e-13 0.105769 0.894231
0.345334 0.37722 0.277446
0.707766 0.292234 0
0.336037 0.251726 0.412237
2.10564e-12 0.526925 0.473075
0.178574 0.0809806 0.740445
0.149327 0.572894 0.277779
0.10015 0.120171 0.779679
0.171028 0.210149 0.618822
0.0125786 0.164254 0.823167
0.294226 0.084625 0.621149
0.576323 0.146758 0.276919
0.102335 0.647665 0.25
0.263006 0.736994 0
0.486385 0.513615 0
0.53521 0.0920176 0.372773
0.258872 0.407424 0.333703
0.370958 0.0587048 0.570338
1 5.35429e-11 0
0.0729039 0.602242 0.324854
0.137692 0.165378 0.69693
0.207229 0.542771 0.25
0.60546 0.0651243 0.329416
9.37631e-13 0.234637 0.765363
0.0259632 0.570359 0.403677
