9.38076e-12 1.85828e-11 1
0.423269 0.576731 0
0.807019 0.192981 0
0.573631 0.176369 0.25
2.03825e-11 1 0
0.19496 0.171946 0.633094
0.0227135 0.377338 0.599948
0.411414 8.80074e-10 0.588586
0.172765 7.47124e-10 0.827235
6.34943e-10 0.75 0.25
0.691602 0.308398 0
0.0242996 0.259892 0.715808
0.269816 0.730184 0
1 1.11001e-10 0
0.119089 0.0919919 0.788919
9.07206e-11 0.215263 0.784737
0.305642 0.420573 0.273784
0.467438 0.20626 0.326302
0.360005 0.0856784 0.554316
0.845549 0.154451 0
0.077583 0.0644956 0.857921
0.115791 0.884209 0
0.0772409 0.922759 0
0.0610525 0.688948 0.25
0.158469 0.128774 0.712757
0.432182 0.165823 0.401996
0.0294801 0.0301756 0.940344
0.922728 0.0772725 0
0.653188 0.346812 0
0.236166 0.0870907 0.676743
0.0752835 0.293222 0.631494
0.075558 0.409484 0.514958
0.0256928 0.14566 0.828648
0.154333 0.845667 0
0.274234 0.134105 0.59166
3.47121e-12 0.446763 0.553237
0.305474 0.301364 0.393162
0.461547 0.538453 0
0.75 5.38195e-11 0.25
0.513908 0.112395 0.373698
0.124746 0.54533 0.329924
0.0816656 0.515839 0.402495
0.119219 0.442389 0.438392
0.346635 0.653365 0
0.167806 0.582194 0.25
0.231343 0.768657 0
0.614763 0.385237 0
0.234276 0.214974 0.550751
0.352029 0.213098 0.434872
0.077296 0.17378 0.748924
0.649155 0.100845 0.25
0.389022 0.25502 0.355958
0.193849 0.297805 0.508346
0.270929 1.22364e-09 0.729071
0.113026 0.214126 0.672848
0.638092 1.85098e-09 0.361908
0.269274 0.480726 0.25
0.39714 0.123781 0.47908
0.311465 0.059004 0.629531
4.33536e-11 0.10287 0.89713
0.429155 0.299196 0.271648
0.476948 0.0785087 0.444543
0.565592 0.0216325 0.412776
0.0386258 0.961374 0
0.598031 0.0731277 0.328842
0.158941 0.376481 0.464578
0.884114 0.115886 0
0.379685 0.370315 0.25
0.96134 0.0386597 0
0.730063 0.269937 0
0.201973 0.039233 0.758794
0.384977 0.615023 0
0.174868 0.456862 0.36827
0.0935498 0.624849 0.281601
0.341136 3.78664e-11 0.658864
0.768538 0.231462 0
0.271146 0.258401 0.470453
0.498105 0.251895 0.25
0.0252549 0.491138 0.483607
0.576424 0.423576 0
3.55652e-12 0.561081 0.438919
1.39128e-10 0.330124 0.669876
0.49984 0.50016 0
0.102202 2.70461e-10 0.897798
9.03697e-11 0.667771 0.332229
0.34004 0.338122 0.321838
0.308238 0.691762 0
0.192834 0.807166 0
0.0337915 0.598801 0.367407
0.545349 0.150007 0.304644
0.518186 1.50316e-09 0.481814
0.254097 0.398046 0.347857
0.538127 0.461873 0
0.445856 0.0317323 0.522412
0.315328 0.171667 0.513005
0.155091 0.25394 0.590969
0.687198 0.0258505 0.286951
0.112589 0.335234 0.552177
0.206695 0.506116 0.287189
0.228067 0.349073 0.42286
