2.45126e-12 2.35608e-11 1
0.230462 0.358406 0.411132
0.524115 0.475885 0
0.960534 0.0394659 0
7.84377e-11 1 0
0.154708 0.27942 0.565872
0.122477 0.235247 0.642275
0.240235 0.114019 0.645746
0.102325 2.14353e-10 0.897675
1.31606e-10 0.227981 0.772019
2.88989e-10 0.75 0.25
0.691608 5.18879e-08 0.308392
2.62667e-10 0.45502 0.54498
0.0811206 0.918879 0
0.44105 0.197412 0.361538
0.14308 0.577683 0.279237
1 7.89593e-11 0
0.111407 0.115244 0.77335
0.323673 0.676327 0
1.75683e-10 0.304336 0.695664
0.0308182 0.565946 0.403236
0.762917 0.237083 0
0.643732 0.356268 0
0.523097 0.0253429 0.45156
0.144919 0.0329903 0.822091
0.288766 0.0340206 0.677214
0.275174 0.278523 0.446303
0.362441 0.11329 0.524269
0.10145 0.363802 0.534748
0.75 5.52461e-10 0.25
3.30401e-12 0.638457 0.361543
0.629435 0.0343781 0.336187
0.0603139 0.43388 0.505807
0.921133 0.078867 0
0.0405679 0.959432 0
0.668221 0.0817793 0.25
0.600589 0.122241 0.27717
0.363002 7.60428e-10 0.636998
0.322795 0.0772284 0.599977
0.556308 0.193692 0.25
0.484081 0.515919 0
0.274442 0.393905 0.331653
0.193434 0.0791755 0.72739
0.0217793 0.160029 0.818192
0.178713 0.437374 0.383913
5.89168e-11 0.109381 0.890619
0.357864 0.236934 0.405202
0.881658 0.118342 0
0.404013 0.595987 0
0.0271621 0.0342212 0.938617
0.438163 0.311837 0.25
0.479405 0.113826 0.406769
0.365819 0.354802 0.279379
0.12168 0.87832 0
0.0731283 0.326777 0.600095
0.242991 0.757009 0
0.444101 0.555899 0
0.478077 1.57876e-11 0.521923
0.199194 0.550806 0.25
0.262617 5.50138e-10 0.737383
0.0778991 0.192834 0.729267
0.283337 0.716663 0
0.204529 4.28455e-10 0.795471
0.842122 0.157878 0
0.330349 0.419651 0.25
6.92475e-09 0.380697 0.619303
0.591196 3.87177e-10 0.408804
0.157261 0.155569 0.68717
0.555248 0.0794539 0.365298
0.279784 0.156166 0.56405
0.317534 0.317413 0.365054
0.264778 0.485222 0.25
0.399619 0.15687 0.443511
0.564038 0.435962 0
0.162165 0.837835 0
0.0889015 0.481933 0.429165
0.0538674 0.271963 0.67417
0.236537 0.237999 0.525463
0.189997 0.320225 0.489777
0.142536 0.399535 0.457928
0.0720366 0.600882 0.327081
0.202591 0.797409 0
0.126252 0.520238 0.35351
0.219132 0.467689 0.31318
0.363881 0.636119 0
2.73948e-12 0.529367 0.470633
0.439875 0.0756725 0.484453
0.485901 0.242208 0.271891
0.603875 0.396125 0
0.683567 0.316433 0
0.399757 0.274347 0.325896
0.0701666 0.0772766 0.852557
0.408089 0.023913 0.567998
0.802597 0.197403 0
0.51757 0.157313 0.325116
0.723232 0.276768 0
0.0241818 0.688217 0.287601
0.0980078 0.651992 0.25
0.31859 0.196334 0.485076
0.199859 0.195273 0.604867
