0.75 5.18207e-10 0.25
0.0664133 0.199345 0.734242
3.18536e-10 3.84022e-11 1
0.331456 0.252081 0.416463
0.96006 0.0399397 0
0.122321 0.42069 0.456989
0.840099 0.159901 0
0.175769 0.574231 0.25
0.388228 0.0327494 0.579022
0.583515 0.166485 0.25
0.719777 0.280223 0
0.419682 0.330318 0.25
0.24434 0.421386 0.334274
8.08315e-11 0.536981 0.463019
0.559067 0.440933 0
0.217432 0.130047 0.652522
1.98573e-10 0.105753 0.894247
0.800038 0.199962 0
1 1.88738e-13 0
0.459255 2.88488e-10 0.540745
0.518885 0.481115 0
0.104218 0.645782 0.25
0.31855 0.68145 0
0.0790951 0.606921 0.313984
0.123486 0.537036 0.339478
0.398629 0.601371 0
0.679618 0.320382 0
0.451634 0.26041 0.287956
0.27725 0.47275 0.25
0.438709 0.561291 0
0.249371 0.293255 0.457374
0.0114956 0.289892 0.698612
0.648864 0.101136 0.25
0.0818016 0.498704 0.419494
0.0290192 0.0315523 0.939429
0.0853338 0.380831 0.533835
0.0397055 0.960295 0
0.353897 5.12954e-10 0.646103
0.294872 0.20902 0.496108
0.303091 0.0839194 0.612989
0.660863 4.56618e-10 0.339137
0.320547 0.371486 0.307967
0.0613655 0.330208 0.608427
9.28887e-11 1 0
0.20548 0.378293 0.416226
0.282971 5.67308e-12 0.717029
0.518208 0.231792 0.25
0.487821 0.174871 0.337308
0.103236 2.39362e-11 0.896764
0.560439 0.125904 0.313657
0.0954037 0.249254 0.655342
0.525035 0.0848043 0.390161
0.0137268 0.162749 0.823524
0.165557 0.460022 0.374421
0.238681 0.761319 0
0.88011 0.11989 0
0.478788 0.521212 0
3.83274e-11 0.647574 0.352426
0.0687023 0.0764026 0.854895
0.158985 0.841015 0
0.257842 0.167681 0.574477
0.0324289 0.466355 0.501216
1.15341e-11 0.231902 0.768098
0.119184 0.880816 0
0.285503 0.333964 0.380533
0.212086 5.45566e-10 0.787914
0.177788 0.0826691 0.739543
0.370697 0.294152 0.335151
0.498257 0.0308188 0.470924
0.601135 0.043781 0.355084
0.374556 0.168515 0.456929
3.73028e-11 0.75 0.25
0.599238 0.400762 0
0.214013 0.251142 0.534845
0.100681 0.119475 0.779844
0.168131 0.336778 0.495091
0.0279919 0.578343 0.393665
0.208151 0.50541 0.286439
0.348444 0.401556 0.25
0.146329 0.0285595 0.825112
0.358526 0.641474 0
0.198798 0.801202 0
0.452551 0.12603 0.421418
3.86246e-11 0.430924 0.569076
0.278614 0.721386 0
0.759912 0.240088 0
0.411994 0.2128 0.375206
0.175583 0.210274 0.614142
0.639424 0.360576 0
0.0794534 0.920547 0
0.140457 0.16425 0.695293
0.135123 0.292378 0.572499
0.253863 0.0575539 0.688583
0.567808 1.49132e-11 0.432192
0.339801 0.123322 0.536877
0.920098 0.0799019 0
0.417832 0.0830113 0.499157
0.0308653 0.689916 0.279219
0.686556 0.0376712 0.275772
1.34966e-08 0.359698 0.640302
