0.75 8.2486e-10 0.25
1 4.47054e-11 0
0.65735 0.34265 0
2.38805e-11 1.61938e-10 1
7.66436e-12 1 0
0.349772 0.650228 0
0.0842246 0.180309 0.735466
0.0390458 0.960954 0
5.34133e-11 0.482958 0.517042
0.619072 0.380928 0
7.17361e-11 0.64863 0.35137
0.107885 5.05455e-14 0.892115
9.24911e-10 0.285838 0.714162
0.235968 1.81184e-13 0.764032
0.173617 0.266547 0.559836
4.77458e-09 0.75 0.25
0.426956 0.573044 0
0.116975 0.883025 0
0.475458 0.254496 0.270045
0.0610836 0.255208 0.683709
0.182783 0.495254 0.321963
0.69556 0.30444 0
0.0317827 0.689886 0.278331
0.0628313 0.384293 0.552875
0.229576 0.420668 0.349756
0.350945 0.399055 0.25
0.580776 0.419224 0
0.092543 0.429386 0.478071
0.542453 0.457547 0
0.311117 0.688883 0
0.360348 2.34039e-14 0.639652
0.442428 0.0754067 0.482166
0.233607 0.766393 0
0.043451 0.509628 0.446921
0.32501 0.0708554 0.604135
0.360299 0.241372 0.398328
0.318337 0.368491 0.313172
0.137156 0.462326 0.400518
0.503999 0.496001 0
0.524441 0.0274123 0.448147
0.0324734 0.0290304 0.938496
0.42543 0.32457 0.25
0.247462 0.10337 0.649168
0.295015 0.274445 0.43054
0.402916 0.157808 0.439276
0.0110452 0.344529 0.644426
0.077742 0.0696219 0.852636
1.55751e-10 0.104423 0.895577
0.548187 0.201813 0.25
0.272392 0.727608 0
0.165634 0.0140925 0.820274
0.388365 0.611635 0
0.133402 0.222319 0.644279
0.513844 0.163752 0.322404
0.555092 0.0829621 0.361946
0.200893 0.0690587 0.730048
0.217875 0.308724 0.473401
0.367279 0.108602 0.524119
0.138796 0.346261 0.514943
0.181691 0.385535 0.432774
0.155868 0.844132 0
0.810021 0.189979 0
0.411012 0.0199178 0.56907
0.277922 0.458434 0.263645
0.120901 0.102662 0.776438
0.210632 0.185083 0.604285
0.771925 0.228075 0
0.251491 0.229865 0.518645
0.289993 0.0165111 0.693496
0.38035 0.291734 0.327916
0.0289413 0.148342 0.822717
3.16626e-12 0.413115 0.586885
0.886145 0.113855 0
0.962069 0.0379315 0
0.104865 0.645135 0.25
0.270052 0.343444 0.386503
0.150748 0.576511 0.272741
0.924128 0.0758717 0
0.28764 0.148981 0.563379
0.0939609 0.304902 0.601137
0.733788 0.266212 0
0.479533 0.117552 0.402914
0.465495 0.534505 0
6.39805e-11 0.578505 0.421495
0.0780257 0.921974 0
0.194777 0.805223 0
0.221757 0.528243 0.25
0.480734 2.25071e-13 0.519266
0.327418 0.191765 0.480816
0.165218 0.145132 0.689649
0.848127 0.151873 0
0.628606 0.0372651 0.334129
0.666785 0.0832152 0.25
0.0969812 0.538162 0.364857
0.598462 0.128404 0.273134
0.437949 0.206098 0.355953
0.592577 0 0.407423
0.691512 3.23829e-13 0.308488
1.6465e-12 0.214826 0.785174
0.0662175 0.606973 0.32681
