1 7.39914e-11 0
0.397782 0.0354283 0.566789
0.113938 0.0313921 0.85467
9.22384e-11 1 0
0.647968 0.102032 0.25
0.0793398 5.87046e-12 0.92066
0.323776 0.676224 0
0.348916 0.12828 0.522804
0.131749 0.306042 0.562209
0.0379899 0.352202 0.609808
5.92122e-10 0.221222 0.778778
1.30933e-09 0.60832 0.39168
0.484281 0.515719 0
0.0177414 0.540747 0.441512
0.75 2.33626e-09 0.25
0.243095 0.756905 0
0.645657 4.77731e-11 0.354343
0.182138 0.111451 0.706411
0.104765 0.62163 0.273604
0.177188 0.572812 0.25
0.264847 0.177122 0.558031
0.40414 0.59586 0
1.514e-10 0.0565645 0.943436
0.134159 0.194807 0.671034
0.0393819 0.247606 0.713012
5.11496e-10 0.319466 0.680534
0.469932 3.12545e-10 0.530068
0.463472 0.126634 0.409894
0.0932534 0.164823 0.741924
0.524289 0.475711 0
0.312335 0.0908896 0.596775
0.202665 0.797335 0
0.296846 1.12669e-10 0.703154
0.8027 0.1973 0
6.08121e-13 4.197e-14 1
0.343418 0.25402 0.402563
0.604076 0.395924 0
0.227937 0.023609 0.748454
0.444241 0.555759 0
0.762926 0.237074 0
0.229543 0.502256 0.268201
0.723336 0.276664 0
0.960593 0.0394069 0
0.349784 0.380477 0.269739
0.100601 0.498316 0.401083
0.0638411 0.686159 0.25
0.262255 0.297117 0.440628
0.0887848 0.273509 0.637706
0.366123 4.33826e-11 0.633877
0.1775 0.226446 0.596054
0.0678217 0.121998 0.81018
0.842259 0.157741 0
0.419939 0.330061 0.25
0.265977 0.0665795 0.667443
0.184181 0.458355 0.357464
0.0677485 0.579717 0.352534
0.283437 0.716563 0
0.499832 0.17228 0.327888
0.299444 0.450556 0.25
0.382968 0.293542 0.32349
0.579072 0.144321 0.276607
0.364027 0.635973 0
0.881708 0.118292 0
0.574294 5.32611e-10 0.425706
0.14364 0.535081 0.321279
0.00438435 0.671138 0.324478
0.222215 0.37662 0.401166
0.0314485 0.0856391 0.882912
0.607288 0.0640289 0.328683
6.23584e-11 0.75 0.25
0.121726 0.878274 0
0.162205 0.837795 0
0.424489 0.213341 0.36217
0.683669 0.316331 0
0.427419 0.0847934 0.487787
0.385143 0.170903 0.443954
0.0405726 0.959427 0
0.0811277 0.918872 0
0.564193 0.435807 0
0.507155 0.0348475 0.457998
0.183773 1.35976e-11 0.816227
0.26267 0.415394 0.321936
0.0910018 0.381692 0.527306
0.69009 0.028762 0.281148
0.219913 0.260154 0.519932
0.538167 0.0900032 0.37183
0.467218 0.259334 0.273448
0.144256 0.0784667 0.777278
0.535982 0.214018 0.25
0.304039 0.214291 0.48167
0.177644 0.339708 0.482648
0.643936 0.356064 0
1.96555e-08 0.489658 0.510342
0.222463 0.14578 0.631757
0.0641968 0.454243 0.481561
3.33815e-10 0.155093 0.844907
0.141742 0.417552 0.440706
0.921167 0.0788331 0
0.305017 0.337117 0.357866
3.87338e-11 0.419931 0.580069
