0.606651 0.0803744 0.312974
0.10312 0.313371 0.583509
2.35204e-10 2.8524e-11 1
0.262293 0.215371 0.522336
1 5.01288e-12 0
0.577973 0.422027 0
0.270755 0.729245 0
0.57969 0.0293381 0.390972
0.389711 0.0808402 0.529449
0.216021 2.39239e-12 0.783979
0.654532 0.345468 0
0.0633481 0.403371 0.533281
2.95384e-09 0.164445 0.835555
1.72906e-11 1 0
0.247443 0.0353895 0.717168
0.196984 0.451677 0.351339
0.212344 0.315381 0.472276
0.539681 8.33244e-09 0.460319
0.458778 0.291222 0.25
0.75 4.3301e-10 0.25
0.536949 0.127742 0.335309
0.501492 0.0832278 0.41528
0.470797 0.0299756 0.499228
0.463061 0.171009 0.36593
0.0809392 0.13034 0.788721
0.3196 1.14432e-13 0.6804
0.643023 0.106977 0.25
0.386631 0.341646 0.271723
0.769394 0.230606 0
0.424682 0.575318 0
0.0817165 0.457451 0.460832
0.163284 0.0867321 0.749984
0.038569 0.20266 0.758771
3.40961e-09 0.630259 0.369741
0.116213 0.883787 0
0.193533 0.806467 0
0.0778098 7.76136e-08 0.92219
0.275878 0.0847893 0.639333
0.570298 0.179702 0.25
0.110188 0.501704 0.388108
0.339108 0.308536 0.352356
0.649175 1.0023e-08 0.350825
0.140945 0.544078 0.314977
8.29774e-11 0.258487 0.741513
0.501398 0.498602 0
4.29633e-12 0.75 0.25
0.502816 0.218785 0.2784
0.689842 0.0330966 0.277062
0.961494 0.0385061 0
0.136335 0.359463 0.504202
0.196506 0.129196 0.674298
0.0705119 0.593706 0.335783
0.115428 0.17611 0.708462
0.163136 0.408873 0.42799
0.922992 0.0770082 0
0.342338 0.407662 0.25
0.244172 0.366251 0.389577
2.79105e-13 0.509725 0.490275
0.310722 0.124632 0.564646
0.616253 0.383747 0
0.347755 0.652245 0
0.0722159 0.267124 0.66066
0.386446 0.210705 0.40285
0.358892 0.0303169 0.610791
3.13669e-12 0.436646 0.563354
0.169034 0.580966 0.25
0.146876 3.37452e-10 0.853124
0.348298 0.163667 0.488036
0.313444 0.237242 0.449314
0.0208819 0.685618 0.2935
0.290507 0.391105 0.318388
0.113906 0.059215 0.826879
0.807726 0.192274 0
1.03371e-10 0.322016 0.677984
0.0969859 0.653014 0.25
0.884529 0.115471 0
0.38624 0.61376 0
4.44798e-13 0.0619184 0.938082
0.284592 0.292396 0.423012
0.426851 0.123186 0.449964
0.232171 0.767829 0
0.0216417 0.363642 0.614716
0.846098 0.153902 0
0.033581 0.0929581 0.873461
0.731052 0.268948 0
0.429747 1.5387e-13 0.570253
0.463077 0.536923 0
0.419124 0.255326 0.32555
0.0775121 0.922488 0
0.0227458 0.555077 0.422178
0.150218 0.22064 0.629141
0.182736 0.266644 0.55062
0.275076 0.474924 0.25
0.229093 0.173864 0.597043
0.309259 0.690741 0
0.154887 0.845113 0
0.217838 0.505839 0.276323
0.539705 0.460295 0
0.692764 0.307236 0
0.0387738 0.961226 0
