6.05311e-11 0.75 0.25
0.0203505 0.276749 0.702901
0.300777 0.449223 0.25
0.233614 0.766386 0
1 7.36078e-14 0
0.75 2.79748e-09 0.25
0.0726574 0.311262 0.61608
0.311136 0.688864 0
0.0736653 0.189135 0.737199
0.924142 0.0758578 0
0.483379 1.95595e-11 0.516621
0.580893 0.419107 0
1.20632e-11 5.15072e-11 1
2.4168e-11 1 0
0.272406 0.727594 0
0.504079 0.495921 0
0.19092 0.312633 0.496447
0.410058 0.0122581 0.577684
7.23549e-11 0.226995 0.773005
0.233802 0.486329 0.279868
1.0972e-09 0.690751 0.309249
0.237414 0.105148 0.657438
0.619219 0.380781 0
0.435033 0.191519 0.373448
0.15897 0.0183324 0.822698
0.352185 1.31364e-09 0.647815
0.233566 0.229539 0.536895
0.109523 0.475506 0.414971
0.772022 0.227978 0
0.344677 0.347793 0.30753
0.153256 0.516566 0.330178
0.0780815 0.921919 0
2.8687e-09 0.469093 0.530907
0.0199906 0.157027 0.822982
0.153547 0.150043 0.69641
0.194837 0.805163 0
0.962096 0.0379039 0
0.54247 0.45753 0
0.109057 0.232334 0.658609
0.152416 0.270819 0.576765
0.557584 2.33601e-11 0.442416
0.272077 0.270125 0.457797
0.655274 0.0947255 0.25
0.192369 0.0716419 0.73599
0.633418 1.51657e-10 0.366582
0.0325927 0.628003 0.339404
0.281482 0.0176829 0.700836
0.276498 0.147991 0.575511
1.75429e-11 0.347339 0.652661
0.0822802 0.66772 0.25
0.155958 0.844042 0
0.509502 0.156517 0.333981
0.657458 0.342542 0
0.444947 0.064798 0.490255
0.268535 0.398942 0.332522
0.478474 0.23796 0.283566
0.443997 0.306003 0.25
0.354244 0.229802 0.415954
0.388473 0.611527 0
0.349752 0.650248 0
0.396582 0.147695 0.455722
0.229057 3.52801e-12 0.770943
0.316229 0.187007 0.496764
0.53955 0.0773494 0.383101
0.474795 0.105135 0.42007
0.733934 0.266066 0
0.689961 0.0191564 0.290882
0.309693 0.310648 0.379659
0.362568 0.101715 0.535717
0.607332 0.0598541 0.332814
0.31775 0.069438 0.612812
0.111626 0.109 0.779374
0.0307223 0.0305036 0.938774
9.14941e-12 0.587266 0.412734
0.372396 0.377604 0.25
0.465656 0.534344 0
0.193716 0.188827 0.617457
0.191747 0.438247 0.370006
0.117027 0.882973 0
0.886191 0.113809 0
0.108084 0.354299 0.537618
0.106111 4.44555e-12 0.893889
0.848187 0.151813 0
2.89398e-10 0.105879 0.894121
0.231032 0.354371 0.414597
0.0192632 0.398606 0.582131
0.695706 0.304294 0
0.427019 0.572981 0
0.0390579 0.960942 0
0.191542 0.558458 0.25
0.0769776 0.552163 0.370859
0.0727606 0.432564 0.494676
0.0218247 0.51832 0.459855
0.395345 0.270676 0.33398
0.152017 0.394131 0.453852
0.585527 0.134042 0.280431
0.810135 0.189865 0
0.547829 0.202171 0.25
0.0737829 0.0728625 0.853355
0.119814 0.599357 0.280829
